Date,Open,High,Low,Close
2007-03-22,1395.0,1455.0,1240.0,1455.0
2007-03-23,1447.5,1497.5,1310.0,1315.0
2007-03-26,1315.0,1340.0,1200.0,1200.0
2007-03-27,1202.5,1257.5,1137.5,1197.5
2007-03-28,1215.0,1275.0,1215.0,1265.0
2007-03-29,1265.0,1290.0,1225.0,1267.5
2007-03-30,1265.0,1267.5,1225.0,1252.5
2007-04-02,1267.5,1272.5,1250.0,1250.0
2007-04-03,1245.0,1245.0,1197.5,1212.5
2007-04-04,1207.5,1222.5,1180.0,1200.0
2007-04-05,1180.0,1200.0,1175.0,1180.0
2007-04-06,1182.5,1185.0,1150.0,1160.0
2007-04-09,1150.0,1175.0,1120.0,1175.0
2007-04-10,1172.5,1175.0,1137.5,1142.5
2007-04-11,1140.0,1220.0,1132.5,1190.0
2007-04-12,1190.0,1222.5,1187.5,1200.0
2007-04-13,1210.0,1222.5,1197.5,1200.0
2007-04-16,1200.0,1202.5,1140.0,1150.0
2007-04-17,1147.5,1162.5,1132.5,1132.5
2007-04-18,1132.5,1147.5,1092.5,1095.0
2007-04-19,1100.0,1102.5,1050.0,1055.0
2007-04-20,1055.0,1060.0,994.5,1000.0
2007-04-23,1000.0,1040.0,1000.0,1035.0
2007-04-24,1032.5,1127.5,1015.0,1100.0
2007-04-25,1102.5,1102.5,1000.0,1015.0
2007-04-26,1012.5,1052.5,1012.5,1050.0
2007-04-27,1075.0,1100.0,1055.0,1100.0
2007-05-01,1097.5,1110.0,1087.5,1105.0
2007-05-02,1100.0,1100.0,1072.5,1075.0
2007-05-07,1075.0,1100.0,1075.0,1095.0
2007-05-08,1092.5,1095.0,1047.5,1055.0
2007-05-09,1045.0,1045.0,1012.5,1015.0
2007-05-10,1017.5,1020.0,1000.0,1015.0
2007-05-11,1012.5,1012.5,1000.0,1005.0
2007-05-14,1007.5,1030.0,1005.0,1005.0
2007-05-15,989.5,990.0,782.5,790.0
2007-05-16,790.5,795.0,691.0,711.0
2007-05-17,711.0,732.5,691.5,707.5
2007-05-18,693.0,693.5,655.0,655.0
2007-05-21,654.5,670.5,654.5,660.0
2007-05-22,659.5,680.5,659.5,675.0
2007-05-23,694.5,695.5,674.5,682.5
2007-05-24,682.0,697.5,682.0,697.5
2007-05-25,695.0,701.0,684.5,701.0
2007-05-28,701.0,701.5,690.5,700.0
2007-05-29,700.0,700.5,695.0,700.0
2007-05-30,700.0,700.5,690.0,690.0
2007-05-31,697.5,710.5,685.0,685.5
2007-06-01,685.0,685.5,676.0,676.0
2007-06-04,677.0,677.5,659.5,659.5
2007-06-05,660.5,670.0,659.5,660.0
2007-06-06,660.0,660.0,653.5,655.5
2007-06-07,660.0,660.5,655.0,656.0
2007-06-08,657.5,658.0,639.5,645.0
2007-06-11,645.0,645.5,605.5,605.5
2007-06-12,605.0,605.5,577.5,583.0
2007-06-13,582.5,601.0,582.0,600.0
2007-06-14,605.0,648.0,600.0,645.0
2007-06-15,644.5,672.5,644.5,670.0
2007-06-18,670.0,680.5,670.0,676.0
2007-06-19,676.0,676.5,674.0,675.0
2007-06-20,672.5,673.0,664.0,665.0
2007-06-21,670.0,670.5,664.5,665.0
2007-06-22,664.5,670.0,664.5,665.0
2007-06-25,664.5,680.0,663.0,680.0
2007-06-26,679.5,680.0,659.0,660.0
2007-06-27,654.5,660.0,644.0,645.0
2007-06-28,635.0,635.5,615.0,615.0
2007-06-29,624.5,625.0,614.5,619.0
2007-07-02,618.5,620.5,615.0,620.5
2007-07-03,620.0,620.5,611.0,611.5
2007-07-04,615.5,615.5,607.5,610.0
2007-07-05,605.0,605.5,600.0,602.5
2007-07-06,605.0,605.5,602.5,602.5
2007-07-09,602.0,602.5,590.0,592.5
2007-07-10,600.0,625.0,590.0,620.0
2007-07-11,617.0,632.5,610.5,632.5
2007-07-12,630.0,630.0,619.0,620.0
2007-07-13,622.0,622.0,600.0,620.0
2007-07-17,619.5,632.5,619.5,632.5
2007-07-18,632.5,633.0,632.0,632.5
2007-07-19,632.0,635.5,631.0,635.0
2007-07-20,635.0,639.0,635.0,635.0
2007-07-23,635.0,639.5,635.0,635.0
2007-07-24,635.0,636.5,634.5,636.5
2007-07-25,635.0,636.0,634.5,635.0
2007-07-26,635.0,635.5,634.5,635.0
2007-07-27,634.5,635.0,634.5,634.5
2007-07-30,635.0,637.5,634.5,637.5
2007-07-31,644.5,645.0,635.0,635.0
2007-08-01,635.0,635.0,635.0,635.0
2007-08-02,635.0,635.0,634.5,635.0
2007-08-03,632.5,637.5,632.5,632.5
2007-08-06,624.5,625.0,614.5,615.0
2007-08-07,615.0,615.0,615.0,615.0
2007-08-08,615.0,615.0,615.0,615.0
2007-08-09,614.5,615.5,614.5,615.5
2007-08-10,615.0,615.0,614.5,615.0
2007-08-13,615.0,615.0,615.0,615.0
2007-08-14,620.0,630.0,620.0,625.0
2007-08-15,617.5,617.5,617.0,617.5
2007-08-16,617.0,617.5,609.5,615.0
2007-08-17,600.0,600.0,585.0,595.0
2007-08-20,595.0,615.0,595.0,595.0
2007-08-21,600.0,600.0,600.0,600.0
2007-08-22,599.0,599.5,595.5,596.5
2007-08-23,599.5,600.0,592.5,597.5
2007-08-24,598.5,605.5,598.5,600.0
2007-08-27,605.5,605.5,602.0,603.0
2007-08-28,604.5,605.0,604.5,605.0
2007-08-29,605.0,610.5,604.5,610.0
2007-08-30,615.0,615.0,610.0,615.0
2007-08-31,627.0,650.0,627.0,645.0
2007-09-03,649.5,660.0,649.5,660.0
2007-09-04,655.0,660.0,655.0,660.0
2007-09-05,665.0,665.0,650.0,650.0
2007-09-06,625.0,649.0,625.0,625.0
2007-09-07,625.0,625.0,603.0,605.0
2007-09-10,600.5,605.0,600.0,600.0
2007-09-11,600.0,600.0,590.0,590.0
2007-09-12,590.0,591.0,560.0,590.0
2007-09-13,590.0,625.0,590.0,610.0
2007-09-14,600.0,605.5,595.0,600.0
2007-09-18,590.0,590.0,590.0,590.0
2007-09-19,590.0,590.0,590.0,590.0
2007-09-20,590.0,600.0,590.0,600.0
2007-09-21,590.0,600.0,590.0,600.0
2007-09-25,600.0,605.0,575.0,582.5
2007-09-26,580.0,580.0,570.0,570.0
2007-09-27,569.5,570.5,560.0,570.5
2007-09-28,570.5,600.0,570.5,580.5
2007-10-01,580.0,590.5,580.0,580.0
2007-10-02,581.0,582.0,579.5,580.0
2007-10-03,580.0,585.0,580.0,580.5
2007-10-04,600.5,610.0,600.0,601.0
2007-10-05,602.5,603.5,599.5,600.0
2007-10-09,599.5,605.0,599.5,600.0
2007-10-10,600.0,600.5,600.0,600.0
2007-10-11,605.0,605.0,600.0,605.0
2007-10-12,605.0,605.0,605.0,605.0
2007-10-15,604.5,604.5,602.5,602.5
2007-10-16,600.0,600.0,600.0,600.0
2007-10-17,600.0,600.0,600.0,600.0
2007-10-18,600.0,602.0,600.0,602.0
2007-10-19,600.0,602.0,600.0,600.0
2007-10-22,599.5,607.5,599.5,606.0
2007-10-23,603.0,603.5,603.0,603.5
2007-10-24,600.0,600.5,599.5,600.5
2007-10-25,600.0,600.0,600.0,600.0
2007-10-26,600.0,601.0,599.5,600.0
2007-10-29,601.0,601.5,600.0,601.5
2007-10-30,600.0,602.0,600.0,600.5
2007-10-31,601.5,602.0,601.5,602.0
2007-11-01,600.5,601.5,600.0,601.5
2007-11-02,600.0,602.0,600.0,602.0
2007-11-05,601.5,601.5,600.0,600.0
2007-11-06,600.0,601.0,600.0,600.0
2007-11-07,600.0,600.5,600.0,600.0
2007-11-08,600.0,602.5,600.0,600.0
2007-11-09,600.0,605.0,599.0,600.0
2007-11-12,600.0,600.0,600.0,600.0
2007-11-13,602.0,602.5,600.0,600.0
2007-11-14,600.0,600.5,600.0,600.0
2007-11-15,600.0,602.5,600.0,600.0
2007-11-16,601.5,602.0,600.0,601.0
2007-11-19,600.0,600.5,599.5,600.0
2007-11-20,600.0,601.5,600.0,601.5
2007-11-21,601.0,601.5,599.5,600.0
2007-11-22,600.0,600.0,599.5,600.0
2007-11-26,599.5,601.5,599.5,601.5
2007-11-27,601.0,601.5,601.0,601.5
2007-11-28,601.5,605.0,601.5,605.0
2007-11-29,605.0,606.0,602.5,606.0
2007-11-30,609.5,630.0,605.0,609.5
2007-12-03,605.0,605.0,600.0,602.5
2007-12-04,605.0,607.5,602.5,607.5
2007-12-05,602.5,602.5,600.0,600.0
2007-12-06,600.0,605.0,600.0,605.0
2007-12-07,602.0,605.0,600.0,605.0
2007-12-10,602.5,603.0,602.5,602.5
2007-12-11,601.5,601.5,600.0,600.0
2007-12-12,600.0,605.0,600.0,605.0
2007-12-13,605.5,610.0,605.0,610.0
2007-12-14,610.0,610.0,600.0,610.0
2007-12-17,617.0,617.5,600.5,606.0
2007-12-18,620.0,620.5,601.5,610.0
2007-12-19,601.0,606.0,600.5,600.5
2007-12-20,601.0,602.5,600.0,600.0
2007-12-21,600.5,601.0,600.0,600.0
2007-12-25,600.0,600.0,600.0,600.0
2007-12-26,600.0,600.5,600.0,600.0
2007-12-27,620.5,650.0,610.0,613.0
2007-12-28,613.5,648.5,601.0,602.0
2008-01-04,614.0,614.5,614.0,614.5
2008-01-07,601.0,614.5,601.0,601.0
2008-01-08,604.5,605.0,600.5,601.0
2008-01-09,600.0,600.0,599.5,600.0
2008-01-10,600.0,600.0,600.0,600.0
2008-01-11,600.0,600.0,590.0,600.0
2008-01-15,600.0,600.0,599.5,600.0
2008-01-16,599.5,602.5,598.5,600.0
2008-01-17,599.5,600.5,590.0,597.5
2008-01-18,595.0,595.0,575.0,575.0
2008-01-21,575.0,575.0,575.0,575.0
2008-01-22,573.5,573.5,550.0,552.5
2008-01-23,552.5,552.5,552.5,552.5
2008-01-24,552.5,552.5,552.5,552.5
2008-01-25,550.0,595.0,550.0,550.0
2008-01-28,550.0,550.0,525.0,550.0
2008-01-29,550.0,550.5,549.5,550.0
2008-01-30,549.5,550.0,549.5,550.0
2008-01-31,579.5,600.0,579.5,600.0
2008-02-01,560.5,600.0,560.5,560.5
2008-02-04,560.5,600.0,560.5,560.5
2008-02-05,560.0,600.0,560.0,560.0
2008-02-06,560.0,567.5,559.5,560.0
2008-02-07,554.5,555.0,550.0,550.0
2008-02-08,525.0,525.5,500.0,500.0
2008-02-12,480.0,480.0,480.0,480.0
2008-02-13,480.0,480.0,474.5,475.0
2008-02-14,470.5,475.0,455.5,460.0
2008-02-15,459.5,459.5,416.0,416.0
2008-02-18,417.0,437.5,417.0,417.5
2008-02-19,425.0,425.0,419.5,420.0
2008-02-20,425.0,425.0,425.0,425.0
2008-02-21,420.0,420.0,420.0,420.0
2008-02-22,417.0,417.5,417.0,417.5
2008-02-25,417.5,420.5,417.5,417.5
2008-02-26,420.0,420.0,420.0,420.0
2008-02-27,417.5,420.5,417.5,420.5
2008-02-28,425.0,425.0,420.0,420.0
2008-02-29,425.0,425.5,422.5,422.5
2008-03-03,417.5,418.0,417.5,418.0
2008-03-04,400.0,400.0,384.5,385.0
2008-03-05,380.0,385.5,380.0,385.5
2008-03-06,380.5,381.0,360.0,360.0
2008-03-07,340.0,350.0,340.0,349.5
2008-03-10,325.0,340.0,325.0,340.0
2008-03-11,324.5,325.0,324.5,325.0
2008-03-12,325.0,325.0,324.5,325.0
2008-03-13,325.0,325.0,325.0,325.0
2008-03-14,307.0,325.0,307.0,307.0
2008-03-17,307.5,308.0,300.5,300.5
2008-03-18,300.0,300.0,299.0,299.0
2008-03-19,299.0,299.0,299.0,299.0
2008-03-21,299.5,299.5,290.0,290.0
2008-03-24,290.5,290.5,280.0,290.0
2008-03-25,290.0,290.0,283.0,287.5
2008-03-26,290.0,295.5,290.0,295.5
2008-03-27,281.0,281.0,269.0,275.0
2008-03-28,285.0,292.5,285.0,292.5
2008-03-31,332.5,332.5,329.5,332.5
2008-04-01,327.5,327.5,302.5,302.5
2008-04-02,300.0,305.0,300.0,305.0
2008-04-03,305.5,305.5,305.5,305.5
2008-04-04,307.5,307.5,307.5,307.5
2008-04-07,310.0,310.0,310.0,310.0
2008-04-08,300.5,300.5,300.5,300.5
2008-04-09,305.0,310.0,305.0,310.0
2008-04-10,301.0,310.0,301.0,310.0
2008-04-11,303.0,310.5,303.0,303.0
2008-04-14,310.0,310.0,310.0,310.0
2008-04-15,324.0,324.0,324.0,324.0
2008-04-16,338.5,344.5,338.5,338.5
2008-04-17,324.0,338.5,324.0,324.0
2008-04-18,325.0,338.0,325.0,325.0
2008-04-21,338.0,338.0,323.0,323.0
2008-04-22,333.5,338.5,333.5,333.5
2008-04-23,325.0,338.0,325.0,325.0
2008-04-24,329.0,338.0,329.0,329.0
2008-04-25,338.0,338.0,336.5,338.0
2008-04-28,328.0,328.0,308.0,323.0
2008-04-30,373.0,373.0,336.0,336.0
2008-05-01,336.0,336.0,336.0,336.0
2008-05-02,346.5,346.5,335.0,335.0
2008-05-07,339.0,372.5,339.0,339.0
2008-05-08,342.0,342.0,340.0,340.0
2008-05-09,337.0,340.0,337.0,340.0
2008-05-12,337.5,337.5,337.5,337.5
2008-05-13,322.5,372.0,322.5,322.5
2008-05-14,340.0,372.0,340.0,340.0
2008-05-15,355.0,360.0,355.0,360.0
2008-05-16,360.0,360.0,350.0,350.0
2008-05-19,351.0,351.0,351.0,351.0
2008-05-20,355.0,355.0,355.0,355.0
2008-05-21,358.0,358.0,350.5,350.5
2008-05-22,351.5,368.0,351.5,351.5
2008-05-23,355.5,360.0,355.5,360.0
2008-05-26,356.0,356.0,356.0,356.0
2008-05-27,361.5,361.5,361.5,361.5
2008-05-28,368.0,375.0,368.0,374.5
2008-05-29,375.5,379.0,375.0,379.0
2008-05-30,389.5,395.0,389.5,395.0
2008-06-02,440.0,445.0,439.0,445.0
2008-06-03,445.0,445.0,445.0,445.0
2008-06-04,425.0,425.0,411.5,411.5
2008-06-05,410.5,410.5,410.5,410.5
2008-06-06,399.5,411.0,399.5,399.5
2008-06-09,400.0,415.0,400.0,415.0
2008-06-10,385.5,415.0,385.5,385.5
2008-06-11,400.0,400.0,400.0,400.0
2008-06-12,372.0,400.0,372.0,372.0
2008-06-13,399.0,400.0,399.0,400.0
2008-06-16,405.0,425.0,405.0,425.0
2008-06-17,425.0,440.0,425.0,440.0
2008-06-18,409.0,409.0,409.0,409.0
2008-06-19,409.0,436.5,409.0,409.0
2008-06-20,400.0,400.0,400.0,400.0
2008-06-23,370.0,380.0,370.0,374.5
2008-06-24,375.0,375.0,375.0,375.0
2008-06-25,348.5,375.0,348.5,348.5
2008-06-26,375.0,375.0,375.0,375.0
2008-06-27,350.5,400.0,350.5,400.0
2008-06-30,400.0,422.5,400.0,422.5
2008-07-01,420.0,430.0,420.0,430.0
2008-07-02,430.0,430.0,430.0,430.0
2008-07-03,425.0,430.5,425.0,430.5
2008-07-04,430.0,430.0,425.0,425.0
2008-07-07,430.0,430.0,430.0,430.0
2008-07-08,395.0,405.0,395.0,400.0
2008-07-09,400.0,430.0,400.0,430.0
2008-07-10,430.0,430.0,430.0,430.0
2008-07-11,390.5,390.5,390.0,390.0
2008-07-14,380.0,419.5,380.0,380.0
2008-07-15,400.0,400.0,392.5,395.0
2008-07-16,380.0,400.0,380.0,400.0
2008-07-17,405.0,410.0,405.0,410.0
2008-07-18,429.0,429.0,370.0,375.0
2008-07-22,374.0,375.0,370.0,370.0
2008-07-23,360.0,360.0,355.0,355.0
2008-07-24,375.5,389.0,375.5,375.5
2008-07-25,375.0,392.0,375.0,375.0
2008-07-28,375.5,376.0,375.0,375.0
2008-07-29,356.5,374.5,356.5,356.5
2008-07-30,355.0,374.5,355.0,355.0
2008-07-31,375.0,375.0,375.0,375.0
2008-08-01,352.0,374.5,352.0,352.0
2008-08-04,351.5,372.5,351.5,351.5
2008-08-05,374.5,374.5,374.5,374.5
2008-08-06,340.0,345.0,340.0,340.0
2008-08-07,372.5,372.5,340.0,340.0
2008-08-08,316.0,341.0,316.0,316.0
2008-08-11,340.0,340.0,340.0,340.0
2008-08-12,316.0,349.5,316.0,316.0
2008-08-13,316.0,344.0,316.0,316.0
2008-08-14,290.0,290.5,290.0,290.5
2008-08-15,300.0,320.0,300.0,300.0
2008-08-18,301.0,301.0,301.0,301.0
2008-08-19,310.5,310.5,310.5,310.5
2008-08-20,310.5,310.5,292.5,292.5
2008-08-21,252.5,262.5,252.5,262.5
2008-08-22,262.5,265.0,262.5,265.0
2008-08-25,300.0,300.0,300.0,300.0
2008-08-26,275.0,275.0,275.0,275.0
2008-08-27,285.0,299.0,285.0,285.0
2008-08-28,290.0,290.0,290.0,290.0
2008-08-29,300.0,320.0,283.0,283.0
2008-09-01,300.0,310.0,300.0,308.0
2008-09-02,283.0,283.0,283.0,283.0
2008-09-03,263.5,298.0,263.5,263.5
2008-09-04,262.5,282.5,262.5,262.5
2008-09-05,272.5,282.5,272.5,272.5
2008-09-08,292.5,292.5,278.0,278.0
2008-09-09,258.0,273.0,258.0,273.0
2008-09-10,268.0,268.0,268.0,268.0
2008-09-11,258.0,268.0,258.0,258.0
2008-09-12,258.0,258.0,258.0,258.0
2008-09-16,218.0,220.5,212.5,220.5
2008-09-17,225.0,225.0,225.0,225.0
2008-09-18,227.5,237.5,225.0,237.5
2008-09-19,225.0,225.0,225.0,225.0
2008-09-22,250.0,250.0,250.0,250.0
2008-09-24,235.0,267.5,235.0,235.0
2008-09-25,230.0,235.0,230.0,230.0
2008-09-26,240.0,268.0,240.0,240.0
2008-09-29,255.0,255.0,255.0,255.0
2008-09-30,300.0,305.0,300.0,305.0
2008-10-01,305.0,305.0,260.0,260.0
2008-10-02,305.5,305.5,255.0,255.0
2008-10-03,225.0,235.0,225.0,235.0
2008-10-06,235.0,275.0,235.0,235.0
2008-10-07,235.0,235.0,202.5,202.5
2008-10-08,210.0,210.0,202.5,205.0
2008-10-09,200.0,200.0,200.0,200.0
2008-10-10,192.5,200.0,192.5,192.5
2008-10-14,200.0,200.0,190.0,190.0
2008-10-15,193.0,193.0,190.0,190.0
2008-10-16,188.5,188.5,188.5,188.5
2008-10-17,188.5,188.5,175.0,175.0
2008-10-20,175.0,175.0,175.0,175.0
2008-10-21,180.5,187.5,180.5,180.5
2008-10-22,181.0,200.0,181.0,181.0
2008-10-23,181.0,200.0,181.0,181.0
2008-10-24,181.0,181.0,181.0,181.0
2008-10-27,156.5,168.5,156.5,156.5
2008-10-28,167.5,167.5,167.5,167.5
2008-10-29,168.0,168.0,167.5,167.5
2008-10-30,171.0,171.0,171.0,171.0
2008-10-31,215.0,215.0,215.0,215.0
2008-11-04,215.0,215.0,215.0,215.0
2008-11-05,255.0,255.0,255.0,255.0
2008-11-06,255.0,255.0,235.0,235.0
2008-11-07,205.5,208.0,205.5,208.0
2008-11-10,205.5,242.5,205.5,205.5
2008-11-11,213.0,244.0,213.0,213.0
2008-11-12,244.0,249.0,244.0,244.0
2008-11-13,226.5,244.0,226.5,226.5
2008-11-14,204.0,204.0,204.0,204.0
2008-11-17,176.5,176.5,176.5,176.5
2008-11-18,180.5,180.5,180.5,180.5
2008-11-19,180.5,180.5,180.5,180.5
2008-11-20,180.0,180.0,175.0,175.0
2008-11-21,162.5,165.0,162.5,165.0
2008-11-25,165.5,167.5,165.0,167.5
2008-11-26,168.0,170.0,167.5,167.5
2008-11-27,169.0,180.5,169.0,180.0
2008-11-28,195.0,195.0,195.0,195.0
2008-12-01,195.0,195.5,195.0,195.5
2008-12-02,208.0,208.0,208.0,208.0
2008-12-03,173.0,177.5,172.5,177.5
2008-12-04,177.5,182.5,177.5,182.5
2008-12-05,182.5,182.5,172.5,172.5
2008-12-08,172.5,172.5,172.5,172.5
2008-12-09,160.0,161.0,160.0,160.5
2008-12-10,160.5,160.5,158.5,160.0
2008-12-11,160.0,162.5,160.0,162.5
2008-12-12,163.0,165.0,162.5,165.0
2008-12-15,164.5,165.0,160.5,165.0
2008-12-16,165.0,165.0,165.0,165.0
2008-12-17,155.0,165.0,155.0,155.0
2008-12-18,154.5,162.5,154.5,162.5
2008-12-19,152.5,157.5,152.5,157.5
2008-12-22,157.5,157.5,132.5,137.5
2008-12-24,140.5,140.5,135.0,135.0
2008-12-25,125.0,125.0,107.0,125.0
2008-12-26,112.5,125.0,112.5,125.0
2008-12-29,135.0,150.0,135.0,135.0
2008-12-30,115.0,117.5,115.0,117.5
2009-01-05,120.0,121.5,120.0,120.0
2009-01-06,135.0,135.0,130.0,135.0
2009-01-07,116.0,124.0,116.0,124.0
2009-01-08,126.5,128.5,126.5,128.5
2009-01-09,128.5,128.5,128.5,128.5
2009-01-13,119.5,128.5,119.5,119.5
2009-01-14,115.5,115.5,115.0,115.0
2009-01-15,112.5,112.5,112.5,112.5
2009-01-16,112.5,112.5,112.5,112.5
2009-01-19,110.0,110.0,110.0,110.0
2009-01-20,109.5,110.0,95.5,104.0
2009-01-21,89.0,94.5,89.0,94.5
2009-01-22,100.0,100.0,94.5,94.5
2009-01-23,93.0,97.5,93.0,93.0
2009-01-26,94.0,95.0,92.5,92.5
2009-01-27,92.5,92.5,89.0,90.0
2009-01-28,89.0,89.0,85.5,89.0
2009-01-29,89.0,89.0,84.5,84.5
2009-01-30,88.0,88.0,77.0,82.0
2009-02-02,78.0,78.0,73.5,75.0
2009-02-03,87.5,87.5,87.5,87.5
2009-02-04,76.5,76.5,75.5,76.5
2009-02-05,74.5,76.0,72.0,76.0
2009-02-06,75.0,76.0,75.0,76.0
2009-02-09,75.5,80.0,75.5,80.0
2009-02-10,76.0,80.0,76.0,76.0
2009-02-12,75.0,79.5,75.0,75.0
2009-02-13,76.0,79.5,76.0,76.0
2009-02-16,77.5,77.5,77.5,77.5
2009-02-17,75.0,75.0,75.0,75.0
2009-02-18,75.0,75.0,75.0,75.0
2009-02-19,75.0,80.0,75.0,80.0
2009-02-20,75.5,79.5,75.5,75.5
2009-02-23,77.5,77.5,75.0,75.0
2009-02-24,65.5,75.0,65.5,65.5
2009-02-25,70.0,75.0,70.0,70.0
2009-02-26,75.0,75.0,70.0,70.0
2009-02-27,75.0,75.0,74.5,75.0
2009-03-02,80.0,88.5,80.0,85.0
2009-03-03,110.0,110.0,110.0,110.0
2009-03-04,83.0,89.5,81.0,89.5
2009-03-05,99.5,99.5,89.0,91.5
2009-03-06,94.0,94.0,89.0,89.0
2009-03-09,86.5,92.5,86.5,86.5
2009-03-10,86.5,86.5,86.0,86.0
2009-03-11,86.5,86.5,85.0,85.0
2009-03-12,80.0,80.0,80.0,80.0
2009-03-13,75.0,80.0,74.5,75.0
2009-03-16,75.5,77.5,75.0,77.5
2009-03-17,85.0,85.0,85.0,85.0
2009-03-18,84.5,84.5,77.5,77.5
2009-03-19,79.5,85.0,79.5,79.5
2009-03-23,78.0,78.5,78.0,78.5
2009-03-24,80.5,80.5,80.0,80.0
2009-03-25,80.5,83.0,80.5,83.0
2009-03-26,83.5,92.5,83.5,83.5
2009-03-27,92.5,93.5,92.5,93.5
2009-03-30,90.5,93.5,90.5,93.5
2009-03-31,98.5,103.5,93.5,93.5
2009-04-01,100.0,100.0,100.0,100.0
2009-04-02,117.5,117.5,100.0,100.0
2009-04-03,87.5,90.5,87.5,90.5
2009-04-06,96.0,100.0,96.0,96.0
2009-04-07,100.0,100.0,100.0,100.0
2009-04-08,100.0,105.0,100.0,105.0
2009-04-09,105.0,105.0,97.5,100.0
2009-04-10,96.0,97.0,96.0,97.0
2009-04-13,100.0,106.0,100.0,105.5
2009-04-14,105.5,105.5,105.5,105.5
2009-04-15,100.0,105.0,100.0,100.0
2009-04-16,100.0,105.0,100.0,100.0
2009-04-17,100.0,105.0,100.0,100.0
2009-04-20,115.0,115.0,115.0,115.0
2009-04-21,102.5,114.5,102.5,112.5
2009-04-22,115.0,120.0,115.0,120.0
2009-04-23,120.0,120.0,115.0,120.0
2009-04-24,122.0,122.0,108.5,109.0
2009-04-27,109.0,109.0,106.0,106.0
2009-04-28,105.5,106.0,105.5,106.0
2009-04-30,116.0,120.0,107.5,107.5
2009-05-01,119.0,119.0,119.0,119.0
2009-05-07,134.0,134.0,118.5,118.5
2009-05-08,109.5,112.5,109.5,112.5
2009-05-11,113.0,115.0,112.5,115.0
2009-05-12,107.5,108.5,107.5,108.0
2009-05-13,109.5,109.5,105.5,105.5
2009-05-14,105.5,106.5,105.0,106.5
2009-05-15,108.0,108.0,108.0,108.0
2009-05-18,113.5,114.0,113.5,114.0
2009-05-19,115.5,115.5,115.5,115.5
2009-05-20,112.5,115.5,112.5,112.5
2009-05-21,115.5,115.5,115.0,115.0
2009-05-22,115.5,115.5,115.5,115.5
2009-05-25,120.0,120.0,120.0,120.0
2009-05-26,123.0,126.5,123.0,126.5
2009-05-27,126.5,126.5,125.0,125.5
2009-05-28,130.5,130.5,130.5,130.5
2009-05-29,134.0,140.0,132.0,132.0
2009-06-01,147.0,151.0,146.0,151.0
2009-06-02,156.0,157.0,155.0,155.0
2009-06-03,159.5,160.0,155.0,160.0
2009-06-04,160.0,160.0,150.0,160.0
2009-06-05,162.0,162.0,162.0,162.0
2009-06-08,164.5,172.5,164.5,165.0
2009-06-09,165.0,165.0,162.5,162.5
2009-06-10,162.0,162.0,162.0,162.0
2009-06-11,152.0,155.0,152.0,155.0
2009-06-12,153.0,153.0,152.5,153.0
2009-06-15,154.0,162.5,153.5,162.5
2009-06-16,165.0,165.0,162.5,164.5
2009-06-17,157.0,158.0,157.0,158.0
2009-06-18,158.0,159.0,158.0,159.0
2009-06-19,160.5,160.5,160.0,160.0
2009-06-22,160.5,170.0,160.5,160.5
2009-06-23,160.5,165.0,160.5,160.5
2009-06-24,160.5,165.0,160.5,160.5
2009-06-25,170.0,170.0,170.0,170.0
2009-06-26,165.5,172.5,165.5,172.5
2009-06-29,173.5,173.5,173.0,173.5
2009-06-30,186.0,186.0,174.5,174.5
2009-07-01,174.5,174.5,172.5,172.5
2009-07-02,180.0,180.0,172.5,172.5
2009-07-03,170.0,170.0,170.0,170.0
2009-07-06,166.0,171.0,166.0,168.5
2009-07-07,165.5,165.5,165.0,165.0
2009-07-08,165.0,165.0,165.0,165.0
2009-07-09,155.5,155.5,155.5,155.5
2009-07-10,155.5,155.5,155.0,155.0
2009-07-13,175.0,175.0,173.5,173.5
2009-07-14,173.0,173.0,155.0,160.0
2009-07-15,150.0,155.0,150.0,150.0
2009-07-16,155.0,155.0,155.0,155.0
2009-07-17,155.0,155.0,150.5,150.5
2009-07-21,156.0,156.0,156.0,156.0
2009-07-22,151.5,156.0,151.5,151.5
2009-07-23,151.0,170.0,151.0,151.0
2009-07-24,156.0,156.0,155.0,156.0
2009-07-27,157.5,157.5,157.5,157.5
2009-07-28,157.5,167.5,157.5,157.5
2009-07-29,161.0,163.5,161.0,161.0
2009-07-30,162.5,165.0,162.5,165.0
2009-07-31,164.5,165.0,153.5,164.5
2009-08-03,165.0,165.0,165.0,165.0
2009-08-04,179.5,179.5,165.0,167.0
2009-08-05,164.5,164.5,159.0,159.0
2009-08-06,157.5,157.5,157.5,157.5
2009-08-07,152.5,172.5,152.5,152.5
2009-08-10,146.0,179.5,146.0,146.0
2009-08-11,160.0,179.5,160.0,160.0
2009-08-12,160.0,170.0,160.0,160.0
2009-08-13,162.5,162.5,162.5,162.5
2009-08-14,162.5,162.5,160.0,160.0
2009-08-17,164.5,164.5,164.5,164.5
2009-08-18,151.0,154.0,151.0,151.5
2009-08-19,165.0,165.0,165.0,165.0
2009-08-20,166.5,166.5,165.0,166.5
2009-08-21,154.0,166.0,154.0,154.0
2009-08-24,155.0,166.0,155.0,155.0
2009-08-25,166.0,166.0,155.0,165.0
2009-08-26,160.0,160.0,160.0,160.0
2009-08-27,166.0,166.0,166.0,166.0
2009-08-28,166.0,166.0,162.5,162.5
2009-08-31,166.0,166.0,166.0,166.0
2009-09-02,170.0,170.5,169.5,170.5
2009-09-03,162.5,162.5,162.5,162.5
2009-09-04,162.5,170.0,162.5,162.5
2009-09-07,163.5,169.5,163.5,163.5
2009-09-08,163.5,169.5,163.5,163.5
2009-09-09,165.0,165.0,163.0,163.0
2009-09-10,163.0,163.0,162.5,163.0
2009-09-11,162.5,163.0,162.5,163.0
2009-09-14,163.0,163.0,163.0,163.0
2009-09-15,158.0,158.0,158.0,158.0
2009-09-16,160.5,160.5,160.5,160.5
2009-09-17,159.0,159.0,159.0,159.0
2009-09-18,155.5,161.5,155.5,155.5
2009-09-21,155.5,155.5,155.5,155.5
2009-09-24,122.5,167.0,122.5,122.5
2009-09-25,159.0,160.0,159.0,160.0
2009-09-28,157.5,157.5,157.5,157.5
2009-09-29,159.0,159.0,159.0,159.0
2009-09-30,159.0,164.0,155.5,155.5
2009-10-01,158.5,158.5,157.5,157.5
2009-10-02,160.0,160.0,157.5,157.5
2009-10-05,150.0,150.0,150.0,150.0
2009-10-06,150.0,150.0,150.0,150.0
2009-10-07,151.5,164.0,151.5,151.5
2009-10-08,151.5,164.0,151.5,151.5
2009-10-09,151.0,151.0,151.0,151.0
2009-10-13,155.5,155.5,154.5,154.5
2009-10-14,150.0,160.0,150.0,150.0
2009-10-15,150.5,152.5,150.5,150.5
2009-10-16,150.5,150.5,150.0,150.0
2009-10-19,130.0,162.5,130.0,144.0
2009-10-20,146.5,147.5,146.5,147.5
2009-10-21,143.0,143.0,143.0,143.0
2009-10-22,138.5,158.5,138.5,138.5
2009-10-23,150.0,150.0,150.0,150.0
2009-10-26,138.5,158.5,138.5,138.5
2009-10-27,138.5,158.5,138.5,138.5
2009-10-28,155.0,155.5,155.0,155.5
2009-10-29,163.0,163.0,160.5,160.5
2009-10-30,162.0,162.0,160.5,160.5
2009-11-02,158.0,159.0,158.0,158.0
2009-11-04,177.0,177.0,155.5,155.5
2009-11-05,153.0,153.0,150.5,150.5
2009-11-06,157.5,157.5,157.5,157.5
2009-11-09,142.5,143.5,142.0,142.0
2009-11-10,147.0,150.0,147.0,150.0
2009-11-11,150.0,150.0,150.0,150.0
2009-11-12,146.0,146.5,145.5,145.5
2009-11-13,144.0,157.5,144.0,144.0
2009-11-16,145.0,150.0,145.0,145.0
2009-11-17,145.5,157.5,145.5,145.5
2009-11-18,143.0,143.0,143.0,143.0
2009-11-19,150.5,150.5,150.0,150.0
2009-11-20,140.5,154.0,140.5,140.5
2009-11-24,140.5,153.5,140.5,140.5
2009-11-25,153.5,153.5,153.5,153.5
2009-11-26,153.5,153.5,153.5,153.5
2009-11-27,153.5,153.5,153.5,153.5
2009-11-30,155.0,155.0,150.0,155.0
2009-12-01,151.0,151.0,151.0,151.0
2009-12-02,151.0,151.0,151.0,151.0
2009-12-03,146.0,147.5,146.0,147.5
2009-12-04,144.0,144.0,144.0,144.0
2009-12-07,144.5,144.5,144.0,144.0
2009-12-08,142.5,142.5,142.5,142.5
2009-12-09,141.5,141.5,141.5,141.5
2009-12-10,149.5,150.0,149.5,150.0
2009-12-11,141.5,149.5,141.5,141.5
2009-12-14,141.5,149.0,141.5,141.5
2009-12-15,142.5,150.0,142.5,142.5
2009-12-16,150.0,155.0,150.0,155.0
2009-12-17,148.0,148.5,148.0,148.5
2009-12-18,148.5,148.5,148.5,148.5
2009-12-21,148.0,148.0,148.0,148.0
2009-12-22,147.5,147.5,143.5,143.5
2009-12-24,145.5,145.5,135.0,136.0
2009-12-25,141.0,141.0,136.0,136.0
2009-12-28,139.5,140.0,139.5,140.0
2009-12-29,150.0,150.0,148.5,150.0
2009-12-30,148.0,148.0,148.0,148.0
2010-01-04,156.0,156.0,155.0,155.0
2010-01-05,167.0,167.0,151.5,151.5
2010-01-06,150.0,150.0,150.0,150.0
2010-01-07,147.5,156.0,147.5,147.5
2010-01-08,147.5,147.5,145.0,145.0
2010-01-12,145.0,145.5,144.0,145.0
2010-01-13,150.0,150.0,150.0,150.0
2010-01-14,144.0,158.5,144.0,144.0
2010-01-15,143.5,150.0,143.5,150.0
2010-01-18,150.0,155.0,150.0,150.0
2010-01-19,150.0,150.0,150.0,150.0
2010-01-20,150.5,152.5,150.5,150.5
2010-01-21,160.0,160.0,147.0,147.0
2010-01-22,146.0,159.5,146.0,159.5
2010-01-25,146.0,152.5,146.0,152.5
2010-01-26,152.5,152.5,152.5,152.5
2010-01-27,157.0,158.5,157.0,157.0
2010-01-28,157.0,157.5,156.0,156.5
2010-01-29,149.5,152.5,149.5,152.5
2010-02-01,158.0,158.0,157.0,157.0
2010-02-02,158.0,158.0,155.0,155.0
2010-02-03,152.5,157.5,152.5,152.5
2010-02-04,155.0,155.0,155.0,155.0
2010-02-05,155.0,156.5,152.5,156.5
2010-02-08,151.5,153.0,150.5,150.5
2010-02-09,152.5,158.5,152.5,152.5
2010-02-10,149.5,151.0,149.5,151.0
2010-02-12,153.0,153.0,152.5,152.5
2010-02-15,150.0,150.0,150.0,150.0
2010-02-16,150.0,152.5,150.0,150.0
2010-02-17,147.5,150.0,147.5,147.5
2010-02-18,150.0,150.0,147.5,147.5
2010-02-19,150.0,150.0,150.0,150.0
2010-02-22,150.0,150.0,148.0,150.0
2010-02-23,150.0,150.0,150.0,150.0
2010-02-24,148.0,148.0,148.0,148.0
2010-02-25,154.5,154.5,151.0,151.0
2010-02-26,154.0,154.0,150.5,150.5
2010-03-01,150.0,151.5,150.0,151.5
2010-03-02,148.0,148.0,148.0,148.0
2010-03-03,145.5,145.5,145.5,145.5
2010-03-04,149.5,149.5,146.0,146.0
2010-03-05,147.5,147.5,146.0,146.0
2010-03-08,146.0,146.0,146.0,146.0
2010-03-09,147.0,147.5,141.5,142.0
2010-03-10,150.0,150.0,141.0,142.0
2010-03-11,149.0,149.5,149.0,149.5
2010-03-12,150.0,150.0,150.0,150.0
2010-03-15,146.0,150.0,146.0,146.0
2010-03-16,147.0,150.0,147.0,147.0
2010-03-17,145.5,153.0,144.5,145.0
2010-03-18,148.0,148.0,144.0,144.5
2010-03-19,145.0,148.5,145.0,145.0
2010-03-23,145.0,145.0,144.5,144.5
2010-03-24,145.0,145.0,142.5,142.5
2010-03-25,150.0,150.5,150.0,150.5
2010-03-26,153.5,153.5,150.0,150.0
2010-03-29,150.0,154.0,145.0,145.5
2010-03-30,145.0,150.0,145.0,147.5
2010-03-31,146.0,147.5,144.0,145.5
2010-04-01,149.5,149.5,149.0,149.0
2010-04-02,150.0,150.0,150.0,150.0
2010-04-05,152.5,160.5,152.5,157.5
2010-04-06,157.5,158.0,157.5,158.0
2010-04-07,163.5,167.0,163.0,167.0
2010-04-08,168.0,179.0,158.0,179.0
2010-04-09,180.0,180.5,179.5,180.0
2010-04-12,180.0,180.0,169.0,175.0
2010-04-13,162.5,172.5,162.5,162.5
2010-04-14,167.0,167.0,167.0,167.0
2010-04-15,161.0,162.0,161.0,161.0
2010-04-16,174.5,174.5,174.5,174.5
2010-04-19,174.5,175.0,174.5,175.0
2010-04-20,172.5,175.0,172.5,175.0
2010-04-21,175.0,175.0,167.0,167.0
2010-04-22,167.0,169.5,166.0,166.0
2010-04-23,1365.0,1390.0,1350.0,1390.0
2010-04-26,175.0,177.5,175.0,177.5
2010-04-27,180.0,180.5,180.0,180.0
2010-04-28,177.5,177.5,170.5,170.5
2010-04-30,184.5,184.5,180.5,184.0
2010-05-06,185.0,185.0,180.0,180.0
2010-05-07,186.0,186.0,175.0,175.0
2010-05-10,187.0,188.0,171.0,171.0
2010-05-11,175.0,175.0,175.0,175.0
2010-05-12,160.0,174.5,160.0,160.0
2010-05-13,180.0,210.0,180.0,200.0
2010-05-14,200.0,205.0,200.0,200.0
2010-05-17,200.5,204.0,200.0,200.0
2010-05-18,186.0,200.0,186.0,186.0
2010-05-19,210.0,210.0,210.0,210.0
2010-05-20,200.0,200.0,191.0,191.0
2010-05-21,199.5,200.0,199.5,200.0
2010-05-24,199.5,199.5,199.5,199.5
2010-05-25,203.5,208.5,203.5,208.5
2010-05-26,194.5,200.0,194.5,194.5
2010-05-27,225.0,240.0,221.0,240.0
2010-05-28,257.0,280.0,257.0,280.0
2010-05-31,305.0,330.0,295.0,322.5
2010-06-01,320.0,325.5,297.5,300.5
2010-06-02,310.0,310.0,285.0,300.0
2010-06-03,300.0,305.5,295.5,297.5
2010-06-04,294.5,294.5,283.0,283.0
2010-06-07,290.0,290.0,280.5,280.5
2010-06-08,290.0,290.0,280.5,280.5
2010-06-09,290.0,300.0,290.0,300.0
2010-06-10,285.5,300.0,285.5,285.5
2010-06-11,300.0,300.0,290.0,297.5
2010-06-14,320.0,347.5,320.0,347.5
2010-06-15,397.5,397.5,386.5,397.5
2010-06-16,435.0,435.0,367.5,385.0
2010-06-17,377.5,378.5,366.0,366.0
2010-06-18,360.0,376.5,340.5,376.5
2010-06-21,376.5,405.0,376.5,400.0
2010-06-22,394.5,395.0,376.5,376.5
2010-06-23,391.5,391.5,377.5,377.5
2010-06-24,1437.5,1437.5,1437.5,1437.5
2010-06-25,377.5,377.5,355.0,355.0
2010-06-28,370.0,370.0,355.0,355.0
2010-06-29,355.0,356.0,350.5,351.5
2010-06-30,340.0,340.0,325.0,337.5
2010-07-01,327.5,327.5,312.5,313.0
2010-07-02,300.5,325.5,300.5,325.5
2010-07-05,309.5,335.0,309.5,335.0
2010-07-06,305.0,322.0,305.0,322.0
2010-07-07,315.5,315.5,315.5,315.5
2010-07-08,325.0,325.0,317.5,317.5
2010-07-09,315.0,317.5,315.0,317.5
2010-07-12,325.0,330.0,325.0,327.5
2010-07-13,328.0,334.5,320.5,321.0
2010-07-14,326.0,326.0,315.0,315.0
2010-07-15,315.0,315.0,315.0,315.0
2010-07-16,320.0,320.0,320.0,320.0
2010-07-21,315.5,315.5,315.5,315.5
2010-07-22,315.0,317.0,315.0,315.0
2010-07-23,315.0,318.5,315.0,318.5
2010-07-26,319.0,319.0,318.5,318.5
2010-07-27,319.0,319.0,318.5,319.0
2010-07-28,349.0,349.0,326.0,326.5
2010-07-29,331.5,342.5,331.5,337.5
2010-07-30,329.5,334.5,326.5,330.0
2010-08-02,332.5,355.0,332.5,350.0
2010-08-03,373.5,373.5,355.5,355.5
2010-08-04,365.0,365.0,356.0,360.0
2010-08-05,360.0,360.0,338.5,345.0
2010-08-06,325.5,325.5,295.0,295.0
2010-08-09,295.0,305.0,292.5,305.0
2010-08-10,302.5,302.5,293.0,300.0
2010-08-11,292.5,292.5,285.0,285.0
2010-08-12,255.0,260.0,255.0,260.0
2010-08-13,262.5,262.5,250.0,250.0
2010-08-16,265.0,265.0,250.0,260.0
2010-08-17,270.0,270.0,270.0,270.0
2010-08-18,270.0,270.0,270.0,270.0
2010-08-19,255.0,269.0,255.0,269.0
2010-08-20,259.0,259.0,259.0,259.0
2010-08-23,254.0,254.0,241.0,247.5
2010-08-24,261.5,261.5,255.0,255.0
2010-08-25,250.0,250.0,250.0,250.0
2010-08-26,251.5,251.5,250.0,250.0
2010-08-27,250.0,253.0,245.0,253.0
2010-08-30,257.5,262.5,257.5,262.5
2010-08-31,267.5,267.5,267.5,267.5
2010-09-01,260.0,260.0,257.5,257.5
2010-09-02,255.5,255.5,250.0,250.0
2010-09-03,250.5,256.5,243.5,244.0
2010-09-06,246.0,250.5,246.0,248.5
2010-09-07,253.5,253.5,250.0,250.0
2010-09-08,241.0,249.0,241.0,242.5
2010-09-09,240.0,254.0,240.0,254.0
2010-09-10,242.5,245.0,242.5,245.0
2010-09-13,247.5,259.0,247.5,259.0
2010-09-14,259.0,264.0,257.5,264.0
2010-09-16,295.0,310.5,292.5,300.0
2010-09-17,294.5,294.5,275.0,280.5
2010-09-21,280.5,295.0,280.5,292.5
2010-09-22,300.0,300.0,279.0,280.0
2010-09-24,280.0,282.5,280.0,282.5
2010-09-27,280.0,280.0,275.5,275.5
2010-09-28,280.0,280.0,278.5,280.0
2010-09-29,280.5,282.5,277.5,282.5
2010-09-30,285.0,285.0,272.5,277.5
2010-10-01,282.5,287.5,282.5,282.5
2010-10-04,290.0,290.0,277.5,277.5
2010-10-05,277.5,277.5,267.5,270.0
2010-10-06,265.0,273.5,265.0,265.0
2010-10-07,265.0,265.0,265.0,265.0
2010-10-08,270.0,270.0,270.0,270.0
2010-10-12,265.0,270.0,265.0,270.0
2010-10-13,262.0,269.5,262.0,269.5
2010-10-14,260.5,261.0,255.5,260.5
2010-10-15,255.5,255.5,255.5,255.5
2010-10-18,250.0,250.0,250.0,250.0
2010-10-19,250.0,250.0,250.0,250.0
2010-10-20,250.0,250.5,250.0,250.0
2010-10-21,250.0,250.0,250.0,250.0
2010-10-22,259.5,259.5,250.0,250.0
2010-10-25,248.0,248.0,248.0,248.0
2010-10-26,260.0,260.0,260.0,260.0
2010-10-27,260.0,260.0,260.0,260.0
2010-10-28,270.0,270.0,260.5,262.0
2010-10-29,270.0,270.0,260.5,260.5
2010-11-01,267.5,279.0,267.5,275.0
2010-11-02,280.0,280.0,280.0,280.0
2010-11-04,288.5,305.0,288.5,290.0
2010-11-05,307.5,315.0,304.5,312.5
2010-11-08,308.0,308.0,287.5,292.5
2010-11-09,295.0,296.5,282.5,283.0
2010-11-10,283.0,285.0,283.0,285.0
2010-11-11,290.0,290.0,290.0,290.0
2010-11-12,285.0,285.0,285.0,285.0
2010-11-15,282.5,287.5,277.5,277.5
2010-11-16,280.0,280.0,280.0,280.0
2010-11-17,265.0,273.0,265.0,270.0
2010-11-18,288.0,288.0,288.0,288.0
2010-11-19,288.0,290.0,284.5,284.5
2010-11-22,280.5,290.0,280.5,287.5
2010-11-24,287.5,287.5,287.5,287.5
2010-11-25,287.5,287.5,287.5,287.5
2010-11-26,287.5,287.5,287.5,287.5
2010-11-29,289.5,292.5,289.5,292.5
2010-11-30,294.5,294.5,288.5,290.0
2010-12-01,299.5,299.5,299.5,299.5
2010-12-02,300.0,300.0,300.0,300.0
2010-12-03,300.0,300.0,300.0,300.0
2010-12-06,300.0,300.0,300.0,300.0
2010-12-07,290.5,290.5,287.5,287.5
2010-12-08,298.5,300.0,298.5,300.0
2010-12-09,300.0,300.0,300.0,300.0
2010-12-10,307.5,307.5,302.5,302.5
2010-12-13,302.5,307.5,302.5,307.0
2010-12-14,307.0,307.0,301.5,301.5
2010-12-15,300.0,310.0,300.0,310.0
2010-12-16,315.0,315.0,300.0,300.0
2010-12-17,301.5,315.0,301.5,315.0
2010-12-20,312.5,330.0,312.5,330.0
2010-12-21,329.5,330.0,322.5,322.5
2010-12-22,340.0,350.0,330.5,330.5
2010-12-24,355.0,355.0,341.0,341.0
2010-12-27,341.0,341.0,341.0,341.0
2010-12-28,341.0,342.5,341.0,342.5
2010-12-29,360.0,360.0,358.0,358.0
2010-12-30,343.0,346.5,343.0,346.5
2011-01-04,348.0,349.0,348.0,349.0
2011-01-05,360.0,367.5,325.5,337.0
2011-01-06,337.0,337.5,335.0,335.0
2011-01-07,346.5,346.5,335.0,340.0
2011-01-11,340.0,347.0,335.0,340.5
2011-01-12,340.5,340.5,333.0,333.0
2011-01-13,334.5,345.5,334.5,335.5
2011-01-14,336.0,344.0,336.0,336.0
2011-01-17,342.5,345.0,340.0,345.0
2011-01-18,342.0,359.5,342.0,355.0
2011-01-19,357.0,360.0,353.0,353.0
2011-01-20,357.5,357.5,353.5,353.5
2011-01-21,353.5,353.5,335.5,341.5
2011-01-24,337.0,338.0,337.0,337.5
2011-01-25,350.0,350.0,350.0,350.0
2011-01-26,350.0,350.0,350.0,350.0
2011-01-27,356.5,357.5,352.5,352.5
2011-01-28,375.0,375.0,365.0,365.0
2011-01-31,365.0,365.0,353.0,360.0
2011-02-01,360.0,370.0,360.0,360.0
2011-02-02,370.0,370.5,365.0,365.0
2011-02-03,357.5,357.5,357.5,357.5
2011-02-04,367.0,370.0,353.5,368.5
2011-02-07,370.0,385.0,360.0,385.0
2011-02-08,386.5,420.5,386.5,407.5
2011-02-09,395.5,395.5,380.0,385.5
2011-02-10,400.0,402.5,396.0,402.5
2011-02-14,365.0,365.0,350.0,363.0
2011-02-15,355.5,355.5,344.0,350.0
2011-02-16,350.0,350.0,335.5,340.5
2011-02-17,342.5,354.5,340.0,344.0
2011-02-18,344.0,344.0,340.5,340.5
2011-02-21,339.5,339.5,330.5,335.0
2011-02-22,330.5,330.5,323.0,323.0
2011-02-23,313.0,329.5,307.5,329.5
2011-02-24,317.0,319.5,314.5,319.5
2011-02-25,322.0,324.0,321.5,324.0
2011-02-28,324.5,328.5,324.5,328.5
2011-03-01,343.5,344.0,340.0,341.5
2011-03-02,340.0,340.0,326.0,327.5
2011-03-03,327.5,327.5,323.5,323.5
2011-03-04,323.5,323.5,323.5,323.5
2011-03-07,322.5,338.5,310.0,338.0
2011-03-08,338.0,338.0,338.0,338.0
2011-03-09,335.0,337.5,335.0,337.5
2011-03-10,334.5,334.5,313.0,313.0
2011-03-11,305.0,312.5,297.5,300.0
2011-03-14,300.0,300.0,300.0,300.0
2011-03-15,200.0,205.0,200.0,200.0
2011-03-16,177.5,198.5,177.5,198.5
2011-03-17,175.0,204.0,175.0,199.0
2011-03-18,195.0,225.5,195.0,225.5
2011-03-22,245.0,265.5,245.0,265.5
2011-03-23,265.5,265.5,251.0,265.5
2011-03-24,255.5,260.0,255.0,260.0
2011-03-25,262.5,262.5,254.5,254.5
2011-03-28,253.5,253.5,247.5,247.5
2011-03-29,247.5,247.5,247.5,247.5
2011-03-30,250.0,259.5,250.0,259.5
2011-03-31,265.0,265.0,250.5,251.0
2011-04-01,250.5,251.5,250.5,251.5
2011-04-04,271.0,271.5,271.0,271.5
2011-04-05,260.5,260.5,253.0,253.0
2011-04-06,251.5,251.5,250.5,250.5
2011-04-07,250.5,250.5,250.5,250.5
2011-04-08,250.0,252.5,250.0,252.5
2011-04-11,253.0,255.5,253.0,255.5
2011-04-12,255.5,255.5,255.5,255.5
2011-04-13,246.5,250.5,246.5,250.5
2011-04-14,250.0,250.0,249.5,249.5
2011-04-15,245.5,245.5,245.5,245.5
2011-04-18,249.5,249.5,243.0,249.5
2011-04-19,249.0,249.0,249.0,249.0
2011-04-20,249.0,249.0,249.0,249.0
2011-04-21,249.0,249.0,247.5,247.5
2011-04-22,249.5,250.0,247.5,250.0
2011-04-25,250.0,250.0,250.0,250.0
2011-04-26,260.0,260.0,260.0,260.0
2011-04-27,259.0,266.0,255.0,260.0
2011-04-28,258.0,270.0,257.5,265.0
2011-05-02,265.0,265.0,265.0,265.0
2011-05-06,260.0,260.0,260.0,260.0
2011-05-09,260.0,260.0,260.0,260.0
2011-05-10,255.5,255.5,255.5,255.5
2011-05-11,257.0,257.5,250.0,250.0
2011-05-12,251.0,252.5,251.0,252.5
2011-05-13,250.0,250.0,250.0,250.0
2011-05-16,245.0,245.0,245.0,245.0
2011-05-17,245.0,245.0,245.0,245.0
2011-05-18,245.0,245.0,245.0,245.0
2011-05-19,245.0,252.0,237.5,237.5
2011-05-20,244.5,252.5,244.5,252.5
2011-05-23,252.5,252.5,252.5,252.5
2011-05-24,252.5,252.5,252.5,252.5
2011-05-25,252.5,252.5,252.5,252.5
2011-05-26,252.5,252.5,250.0,250.0
2011-05-27,250.0,250.0,250.0,250.0
2011-05-30,250.0,250.0,250.0,250.0
2011-05-31,250.0,250.0,250.0,250.0
2011-06-01,261.5,261.5,260.5,260.5
2011-06-02,270.5,270.5,250.5,250.5
2011-06-03,247.0,252.5,247.0,251.5
2011-06-06,248.0,255.0,245.0,255.0
2011-06-07,255.0,255.0,255.0,255.0
2011-06-08,250.0,250.0,250.0,250.0
2011-06-09,250.0,250.0,250.0,250.0
2011-06-10,255.0,255.0,255.0,255.0
2011-06-13,260.0,260.0,259.5,259.5
2011-06-14,259.5,259.5,259.5,259.5
2011-06-15,260.0,260.0,260.0,260.0
2011-06-16,256.0,257.5,252.5,252.5
2011-06-17,252.5,252.5,252.5,252.5
2011-06-20,265.0,265.0,265.0,265.0
2011-06-21,265.0,265.0,265.0,265.0
2011-06-22,258.0,262.5,257.5,262.5
2011-06-23,262.5,262.5,262.5,262.5
2011-06-24,257.5,257.5,257.5,257.5
2011-06-27,260.0,260.0,257.0,257.0
2011-06-28,257.0,257.0,257.0,257.0
2011-06-29,262.0,266.0,262.0,266.0
2011-06-30,286.0,286.0,286.0,286.0
2011-07-01,286.0,286.0,275.0,277.5
2011-07-04,287.5,287.5,282.5,282.5
2011-07-05,275.0,275.0,275.0,275.0
2011-07-06,275.0,277.0,274.5,274.5
2011-07-07,274.0,274.0,274.0,274.0
2011-07-08,274.0,274.0,274.0,274.0
2011-07-11,273.5,273.5,273.5,273.5
2011-07-12,258.5,263.5,258.5,263.5
2011-07-13,263.5,263.5,263.5,263.5
2011-07-14,253.5,253.5,253.5,253.5
2011-07-15,253.5,253.5,253.5,253.5
2011-07-19,263.5,263.5,263.5,263.5
2011-07-20,263.5,263.5,263.5,263.5
2011-07-21,258.5,258.5,253.5,253.5
2011-07-22,256.0,256.0,255.5,255.5
2011-07-25,255.0,255.0,255.0,255.0
2011-07-26,255.0,255.0,255.0,255.0
2011-07-27,254.0,255.0,249.0,255.0
2011-07-28,254.5,254.5,247.5,247.5
2011-07-29,248.0,248.0,245.5,245.5
2011-08-01,238.0,247.5,238.0,247.5
2011-08-02,261.5,261.5,242.5,243.5
2011-08-03,242.0,242.0,223.0,228.0
2011-08-04,230.5,231.5,222.0,225.0
2011-08-05,224.0,224.0,215.0,220.0
2011-08-08,224.0,227.0,221.5,222.5
2011-08-09,212.5,215.0,207.5,215.0
2011-08-10,223.0,224.5,220.0,221.5
2011-08-11,222.5,225.0,222.0,225.0
2011-08-12,225.0,225.0,219.0,220.0
2011-08-15,225.0,225.0,220.0,220.0
2011-08-16,224.0,226.5,215.5,226.5
2011-08-17,226.5,226.5,226.5,226.5
2011-08-18,223.5,223.5,215.0,215.0
2011-08-19,216.5,216.5,210.0,210.0
2011-08-22,210.5,210.5,210.0,210.0
2011-08-23,210.0,210.0,210.0,210.0
2011-08-24,210.0,210.0,210.0,210.0
2011-08-25,219.5,232.0,219.5,228.5
2011-08-26,222.0,229.0,220.5,229.0
2011-08-29,226.5,226.5,225.0,226.0
2011-08-30,225.0,225.5,225.0,225.5
2011-08-31,225.5,240.0,225.0,240.0
2011-09-01,235.5,235.5,235.5,235.5
2011-09-02,239.5,239.5,239.5,239.5
2011-09-05,240.0,240.0,235.0,235.0
2011-09-06,230.0,230.0,230.0,230.0
2011-09-07,218.0,226.5,218.0,218.5
2011-09-08,217.5,218.5,217.5,217.5
2011-09-09,217.5,217.5,210.0,215.0
2011-09-12,215.0,217.0,215.0,215.0
2011-09-13,220.0,222.0,220.0,220.0
2011-09-14,220.0,220.0,220.0,220.0
2011-09-15,220.0,220.0,220.0,220.0
2011-09-16,213.0,213.0,213.0,213.0
2011-09-20,210.5,211.0,210.5,211.0
2011-09-21,211.5,211.5,211.5,211.5
2011-09-22,219.0,219.0,219.0,219.0
2011-09-26,219.0,219.0,219.0,219.0
2011-09-27,219.0,219.0,219.0,219.0
2011-09-28,213.5,218.0,213.5,218.0
2011-09-29,216.0,220.0,215.0,220.0
2011-09-30,224.0,228.0,224.0,227.5
2011-10-03,230.0,230.0,229.5,229.5
2011-10-04,230.0,230.0,215.5,215.5
2011-10-05,215.5,215.5,215.5,215.5
2011-10-06,215.5,215.5,215.5,215.5
2011-10-07,217.5,217.5,213.5,213.5
2011-10-11,219.5,219.5,219.5,219.5
2011-10-12,214.5,214.5,214.5,214.5
2011-10-13,218.0,219.0,218.0,218.0
2011-10-14,218.0,218.0,218.0,218.0
2011-10-17,218.0,218.0,218.0,218.0
2011-10-18,215.0,215.0,215.0,215.0
2011-10-19,215.0,215.0,215.0,215.0
2011-10-20,215.0,215.0,211.0,211.0
2011-10-21,211.0,211.0,211.0,211.0
2011-10-24,210.0,210.0,210.0,210.0
2011-10-25,210.0,210.0,210.0,210.0
2011-10-26,210.0,210.0,210.0,210.0
2011-10-27,206.0,218.0,206.0,206.0
2011-10-28,215.5,220.0,215.0,220.0
2011-10-31,226.5,226.5,226.5,226.5
2011-11-01,221.0,226.0,221.0,226.0
2011-11-02,230.0,230.0,230.0,230.0
2011-11-04,221.0,221.0,220.0,220.0
2011-11-07,215.0,215.0,215.0,215.0
2011-11-08,215.0,215.0,215.0,215.0
2011-11-09,220.0,220.0,219.5,220.0
2011-11-10,220.0,220.0,220.0,220.0
2011-11-11,220.0,224.5,220.0,220.0
2011-11-14,222.5,222.5,222.5,222.5
2011-11-15,215.0,215.0,215.0,215.0
2011-11-16,215.0,215.0,215.0,215.0
2011-11-17,215.0,215.0,215.0,215.0
2011-11-18,215.0,215.0,215.0,215.0
2011-11-21,215.0,215.0,215.0,215.0
2011-11-22,215.0,215.0,215.0,215.0
2011-11-24,216.0,216.0,216.0,216.0
2011-11-25,215.0,215.0,215.0,215.0
2011-11-28,215.0,234.5,215.0,234.5
2011-11-29,226.5,227.5,217.0,221.0
2011-11-30,228.5,228.5,220.0,220.0
2011-12-01,227.0,227.0,227.0,227.0
2011-12-02,235.0,235.0,235.0,235.0
2011-12-05,233.0,249.0,233.0,249.0
2011-12-06,250.0,250.0,250.0,250.0
2011-12-07,250.0,250.0,250.0,250.0
2011-12-08,247.5,250.0,247.5,250.0
2011-12-09,254.0,254.0,254.0,254.0
2011-12-12,302.0,304.0,282.0,287.0
2011-12-13,288.0,302.5,279.5,300.0
2011-12-14,305.0,307.5,293.5,294.5
2011-12-15,299.0,299.0,287.5,295.5
2011-12-16,299.0,299.0,287.5,295.5
2011-12-19,299.0,300.0,290.5,299.0
2011-12-20,295.0,299.5,294.5,296.5
2011-12-21,296.0,300.0,292.5,293.0
2011-12-22,293.0,300.0,293.0,294.0
2011-12-26,294.0,294.0,294.0,294.0
2011-12-27,306.5,307.0,296.5,301.5
2011-12-28,301.5,301.5,294.0,294.0
2011-12-29,302.0,302.0,299.0,299.0
2011-12-30,294.5,295.0,294.5,295.0
2012-01-04,294.0,294.0,285.0,285.0
2012-01-05,285.0,285.0,281.5,281.5
2012-01-06,278.0,278.0,272.5,272.5
2012-01-10,272.5,272.5,272.5,272.5
2012-01-11,267.5,275.0,265.0,275.0
2012-01-12,275.0,275.0,275.0,275.0
2012-01-13,275.0,275.0,275.0,275.0
2012-01-16,270.0,270.0,270.0,270.0
2012-01-17,267.5,267.5,260.0,260.0
2012-01-18,257.0,260.0,257.0,260.0
2012-01-19,262.5,267.5,262.5,267.5
2012-01-20,267.5,274.5,267.5,274.5
2012-01-23,283.0,283.5,276.0,283.5
2012-01-24,283.5,284.5,281.5,284.5
2012-01-25,287.5,290.0,287.5,289.0
2012-01-26,287.5,288.5,269.0,277.5
2012-01-27,279.0,284.5,279.0,284.5
2012-01-30,290.0,292.0,287.5,292.0
2012-01-31,292.0,300.0,285.5,292.0
2012-02-01,300.0,301.5,300.0,301.5
2012-02-02,302.0,302.0,293.5,300.0
2012-02-03,300.0,300.0,300.0,300.0
2012-02-06,302.5,303.0,295.0,295.5
2012-02-07,290.0,297.0,285.5,297.0
2012-02-08,301.0,304.5,301.0,304.5
2012-02-09,305.0,310.0,304.0,307.5
2012-02-10,311.0,314.5,302.5,305.0
2012-02-13,340.0,355.0,333.0,354.5
2012-02-14,287.0,302.0,279.5,287.5
2012-02-15,291.5,295.0,279.0,287.5
2012-02-16,283.0,288.0,277.5,278.0
2012-02-17,287.0,287.0,265.5,276.5
2012-02-20,280.0,280.0,270.0,276.5
2012-02-21,274.0,274.0,260.0,270.0
2012-02-22,274.5,274.5,271.0,272.0
2012-02-23,272.5,279.5,272.5,279.5
2012-02-24,280.0,282.5,279.5,279.5
2012-02-27,280.0,287.5,280.0,285.0
2012-02-28,285.0,285.0,280.5,284.0
2012-02-29,279.0,287.5,277.5,277.5
2012-03-01,281.0,281.0,278.0,278.0
2012-03-02,283.0,283.0,275.0,278.5
2012-03-05,278.5,281.0,278.5,281.0
2012-03-06,281.0,281.0,281.0,281.0
2012-03-07,275.5,277.5,275.5,277.5
2012-03-08,277.5,277.5,277.5,277.5
2012-03-09,279.0,284.0,279.0,284.0
2012-03-12,284.0,284.0,284.0,284.0
2012-03-13,270.0,271.0,265.5,265.5
2012-03-14,267.0,269.0,267.0,268.5
2012-03-15,266.0,268.0,266.0,268.0
2012-03-16,268.0,268.0,267.5,267.5
2012-03-19,267.5,271.5,267.5,267.5
2012-03-21,271.0,271.0,267.5,267.5
2012-03-22,268.0,268.0,268.0,268.0
2012-03-23,268.0,268.0,268.0,268.0
2012-03-26,268.0,268.0,260.0,260.0
2012-03-27,264.5,264.5,260.0,260.0
2012-03-28,260.0,260.0,260.0,260.0
2012-03-29,260.0,260.0,260.0,260.0
2012-03-30,265.0,265.0,260.0,262.5
2012-04-02,261.0,265.5,261.0,264.0
2012-04-03,270.0,270.0,270.0,270.0
2012-04-04,270.0,270.0,270.0,270.0
2012-04-05,270.0,270.0,270.0,270.0
2012-04-06,262.0,262.0,262.0,262.0
2012-04-09,262.0,262.0,262.0,262.0
2012-04-10,262.0,262.0,251.0,251.0
2012-04-11,251.0,251.0,250.5,250.5
2012-04-12,250.5,250.5,250.5,250.5
2012-04-13,250.5,250.5,250.5,250.5
2012-04-16,250.5,250.5,250.5,250.5
2012-04-17,250.5,250.5,250.5,250.5
2012-04-18,251.5,251.5,251.5,251.5
2012-04-19,251.5,251.5,251.5,251.5
2012-04-20,255.5,255.5,255.5,255.5
2012-04-23,255.5,256.5,253.0,253.0
2012-04-24,252.5,252.5,252.5,252.5
2012-04-25,254.0,254.0,254.0,254.0
2012-04-26,255.0,258.5,255.0,255.5
2012-04-27,263.0,269.5,263.0,269.5
2012-05-01,265.0,269.5,265.0,269.5
2012-05-02,265.0,269.5,265.0,269.5
2012-05-07,263.0,263.0,262.5,262.5
2012-05-08,262.5,262.5,262.5,262.5
2012-05-09,265.0,272.5,265.0,272.5
2012-05-10,322.5,322.5,322.5,322.5
2012-05-11,372.5,372.5,335.5,341.0
2012-05-14,337.5,355.0,335.0,340.0
2012-05-15,335.0,335.0,311.0,322.5
2012-05-16,322.5,327.5,304.0,305.0
2012-05-17,325.0,335.0,325.0,332.5
2012-05-18,326.0,330.5,320.5,320.5
2012-05-21,318.5,318.5,305.0,317.5
2012-05-22,317.5,325.0,313.0,325.0
2012-05-23,315.0,325.0,311.0,316.0
2012-05-24,319.0,320.0,314.0,316.0
2012-05-25,324.0,330.0,317.5,317.5
2012-05-28,327.5,333.0,327.0,333.0
2012-05-29,321.0,327.5,318.5,327.5
2012-05-30,323.0,328.5,323.0,328.5
2012-05-31,324.5,335.0,324.5,330.0
2012-06-01,326.0,334.5,326.0,334.5
2012-06-04,337.5,337.5,325.0,327.5
2012-06-05,323.5,340.0,323.5,340.0
2012-06-06,340.0,340.0,330.5,338.5
2012-06-07,338.5,338.5,328.5,332.0
2012-06-08,334.5,334.5,327.5,327.5
2012-06-11,333.0,349.0,333.0,349.0
2012-06-12,342.5,342.5,339.5,342.5
2012-06-13,331.0,337.0,331.0,337.0
2012-06-14,337.0,347.0,335.0,335.0
2012-06-15,340.5,366.5,340.5,359.5
2012-06-18,360.0,365.0,360.0,365.0
2012-06-19,357.5,372.5,355.0,360.0
2012-06-20,360.0,360.0,357.5,360.0
2012-06-21,359.0,359.0,347.5,347.5
2012-06-22,347.5,353.0,347.5,353.0
2012-06-25,355.0,355.0,350.0,355.0
2012-06-26,355.0,357.0,355.0,357.0
2012-06-27,357.0,362.5,357.0,357.0
2012-06-28,357.0,364.5,357.0,361.5
2012-06-29,373.0,377.0,370.0,377.0
2012-07-02,387.5,394.0,387.5,393.0
2012-07-03,400.0,405.0,390.0,400.0
2012-07-04,407.5,407.5,401.0,402.5
2012-07-05,407.0,407.0,402.5,403.0
2012-07-06,402.5,402.5,398.0,398.0
2012-07-09,396.0,396.0,396.0,396.0
2012-07-10,395.0,395.0,391.0,392.5
2012-07-11,386.0,394.0,385.0,391.5
2012-07-12,388.5,388.5,373.0,381.0
2012-07-13,379.0,379.0,379.0,379.0
2012-07-17,379.0,387.5,376.0,387.5
2012-07-18,389.5,389.5,373.0,383.5
2012-07-19,383.5,383.5,383.5,383.5
2012-07-20,383.5,383.5,383.5,383.5
2012-07-23,383.5,383.5,382.5,382.5
2012-07-24,375.0,383.0,375.0,383.0
2012-07-25,368.0,375.0,368.0,375.0
2012-07-26,374.0,374.5,374.0,374.5
2012-07-27,374.5,379.0,374.5,379.0
2012-07-30,379.0,379.0,376.5,379.0
2012-07-31,375.0,375.0,375.0,375.0
2012-08-01,372.5,372.5,371.0,372.5
2012-08-02,370.5,372.5,360.0,372.5
2012-08-03,364.0,372.0,355.0,372.0
2012-08-06,371.5,371.5,360.5,362.5
2012-08-07,362.5,368.0,361.0,368.0
2012-08-08,380.0,398.5,380.0,388.5
2012-08-09,395.0,395.0,383.5,384.0
2012-08-10,370.0,375.0,365.0,373.0
2012-08-13,360.5,375.0,360.5,375.0
2012-08-14,366.5,366.5,366.5,366.5
2012-08-15,357.5,369.0,357.5,369.0
2012-08-16,370.0,374.5,370.0,374.5
2012-08-17,367.0,367.0,367.0,367.0
2012-08-20,375.0,375.5,375.0,375.0
2012-08-21,375.0,380.0,375.0,380.0
2012-08-22,380.0,380.0,380.0,380.0
2012-08-23,380.0,380.0,375.0,377.5
2012-08-24,382.5,382.5,375.0,375.0
2012-08-27,384.5,387.5,380.0,383.0
2012-08-28,383.0,386.0,383.0,386.0
2012-08-29,386.0,386.0,375.0,375.0
2012-08-30,375.0,382.0,375.0,382.0
2012-08-31,382.0,384.5,382.0,382.0
2012-09-03,383.5,390.0,383.5,390.0
2012-09-04,399.5,400.0,392.5,400.0
2012-09-05,399.5,405.0,399.5,399.5
2012-09-06,399.5,399.5,399.5,399.5
2012-09-07,400.0,412.0,400.0,412.0
2012-09-10,415.0,417.5,412.0,417.5
2012-09-11,423.0,425.5,420.0,420.0
2012-09-12,416.5,425.0,416.5,420.0
2012-09-13,410.0,417.5,402.5,417.5
2012-09-14,417.5,422.5,417.5,421.5
2012-09-18,427.5,430.0,424.5,430.0
2012-09-19,426.5,430.0,420.0,430.0
2012-09-20,432.0,432.0,432.0,432.0
2012-09-21,435.0,435.0,432.0,432.0
2012-09-24,439.5,439.5,432.0,432.5
2012-09-25,432.0,435.0,432.0,435.0
2012-09-26,420.0,433.5,420.0,433.0
2012-09-27,425.5,433.0,415.0,416.0
2012-09-28,422.0,422.0,416.5,416.5
2012-10-01,412.5,415.0,410.0,415.0
2012-10-02,415.0,415.0,410.0,410.0
2012-10-03,408.0,408.0,384.0,385.5
2012-10-04,383.5,390.0,375.0,390.0
2012-10-05,396.0,396.0,396.0,396.0
2012-10-09,396.0,396.0,390.0,396.0
2012-10-10,396.0,396.0,396.0,396.0
2012-10-11,401.5,401.5,401.5,401.5
2012-10-12,401.5,401.5,401.5,401.5
2012-10-15,401.5,401.5,401.5,401.5
2012-10-16,387.5,387.5,385.0,387.5
2012-10-17,381.0,393.0,360.0,393.0
2012-10-18,393.0,393.0,393.0,393.0
2012-10-19,400.5,404.0,400.0,400.0
2012-10-22,377.5,388.5,377.5,388.5
2012-10-23,390.0,390.0,390.0,390.0
2012-10-24,390.0,390.0,390.0,390.0
2012-10-25,397.5,397.5,397.5,397.5
2012-10-26,389.0,397.5,383.0,386.0
2012-10-29,384.5,385.0,384.0,385.0
2012-10-30,385.0,399.5,385.0,399.5
2012-10-31,399.0,399.0,399.0,399.0
2012-11-01,399.5,401.0,399.5,400.0
2012-11-02,399.5,399.5,394.0,399.5
2012-11-05,398.0,408.0,395.0,408.0
2012-11-06,408.5,423.5,408.5,423.5
2012-11-07,423.5,432.0,405.5,432.0
2012-11-08,403.0,435.0,403.0,414.5
2012-11-09,400.0,414.0,399.5,414.0
2012-11-12,412.5,412.5,390.5,405.0
2012-11-13,405.0,405.0,405.0,405.0
2012-11-14,405.0,405.0,405.0,405.0
2012-11-15,405.0,411.0,405.0,411.0
2012-11-16,406.0,406.0,401.0,401.0
2012-11-19,408.5,408.5,401.0,401.5
2012-11-20,408.0,408.0,408.0,408.0
2012-11-21,404.0,405.0,400.0,400.0
2012-11-22,405.0,405.0,400.0,400.0
2012-11-26,400.0,405.5,400.0,402.5
2012-11-27,401.0,402.5,401.0,402.5
2012-11-28,403.0,404.0,403.0,404.0
2012-11-29,403.5,404.0,403.0,404.0
2012-11-30,404.0,406.5,404.0,406.5
2012-12-03,413.5,414.0,410.0,410.0
2012-12-04,409.5,409.5,406.0,406.0
2012-12-05,406.5,406.5,406.5,406.5
2012-12-06,406.5,406.5,406.5,406.5
2012-12-07,406.5,407.5,406.5,406.5
2012-12-10,406.5,407.5,406.5,407.5
2012-12-11,407.5,410.0,407.5,410.0
2012-12-12,403.0,406.5,401.5,406.5
2012-12-13,406.5,407.0,406.5,407.0
2012-12-14,399.5,407.0,399.5,407.0
2012-12-17,402.5,402.5,400.0,402.5
2012-12-18,402.0,402.0,401.5,401.5
2012-12-19,404.5,407.5,399.5,407.5
2012-12-20,409.0,409.0,400.0,400.0
2012-12-21,398.5,399.0,396.0,396.0
2012-12-25,397.0,405.0,397.0,403.0
2012-12-26,392.0,400.0,392.0,400.0
2012-12-27,392.0,400.0,392.0,400.0
2012-12-28,390.0,390.0,385.0,385.0
2013-01-04,388.5,390.0,385.5,390.0
2013-01-07,390.0,390.0,387.5,390.0
2013-01-08,388.5,392.0,388.0,388.0
2013-01-09,389.0,389.0,385.0,386.0
2013-01-10,386.5,397.0,386.5,396.5
2013-01-11,399.0,400.0,394.0,400.0
2013-01-15,405.0,407.5,401.5,406.5
2013-01-16,402.0,402.5,401.5,401.5
2013-01-17,405.0,406.0,400.0,401.5
2013-01-18,401.5,402.0,397.5,401.0
2013-01-21,402.5,406.0,402.5,405.0
2013-01-22,405.0,405.0,399.5,399.5
2013-01-23,400.0,405.0,398.0,405.0
2013-01-24,400.0,400.0,400.0,400.0
2013-01-25,404.0,405.0,400.5,400.5
2013-01-28,402.0,405.0,402.0,402.5
2013-01-29,403.5,407.5,403.5,405.0
2013-01-30,405.0,409.5,405.0,409.5
2013-01-31,402.0,403.0,401.5,401.5
2013-02-01,402.0,449.0,402.0,442.5
2013-02-04,442.5,442.5,425.5,433.0
2013-02-05,431.0,435.0,425.0,425.0
2013-02-06,426.0,426.0,420.0,425.0
2013-02-07,424.5,424.5,416.0,416.5
2013-02-08,417.5,432.0,416.5,432.0
2013-02-12,429.0,430.0,417.0,425.0
2013-02-13,350.0,350.0,350.0,350.0
2013-02-14,322.5,328.5,318.0,328.0
2013-02-15,323.0,324.0,312.5,320.0
2013-02-18,310.5,319.0,309.0,319.0
2013-02-19,314.5,319.0,311.0,319.0
2013-02-20,319.0,319.0,317.5,319.0
2013-02-21,319.0,320.0,317.5,320.0
2013-02-22,320.0,323.5,318.0,323.5
2013-02-25,323.5,323.5,318.0,320.0
2013-02-26,315.5,320.0,315.5,320.0
2013-02-27,322.5,322.5,315.0,321.5
2013-02-28,323.5,330.0,321.0,330.0
2013-03-01,326.0,329.0,320.0,320.5
2013-03-04,329.5,329.5,322.5,329.5
2013-03-05,326.5,327.5,323.5,324.0
2013-03-06,327.0,330.0,327.0,330.0
2013-03-07,334.5,335.0,329.0,334.0
2013-03-08,332.0,335.0,330.0,335.0
2013-03-11,335.0,337.0,330.5,330.5
2013-03-12,335.0,338.5,331.5,338.5
2013-03-13,338.0,340.0,338.0,340.0
2013-03-14,340.0,344.5,333.0,340.0
2013-03-15,333.0,333.0,331.0,332.5
2013-03-18,332.5,332.5,326.5,328.0
2013-03-19,328.0,333.5,327.5,327.5
2013-03-21,335.0,340.5,330.5,334.5
2013-03-22,335.5,340.0,333.0,338.0
2013-03-25,338.0,338.5,335.0,337.5
2013-03-26,335.0,337.5,333.0,337.5
2013-03-27,338.5,344.5,334.5,343.0
2013-03-28,344.0,344.0,334.0,341.5
2013-03-29,341.5,341.5,331.0,335.0
2013-04-01,335.0,335.0,327.5,327.5
2013-04-02,332.5,335.0,326.0,335.0
2013-04-03,328.0,328.5,328.0,328.0
2013-04-04,327.5,330.5,323.0,330.5
2013-04-05,333.5,335.0,333.5,335.0
2013-04-08,338.5,340.0,332.5,337.0
2013-04-09,335.0,341.5,335.0,341.5
2013-04-10,342.5,348.0,342.5,348.0
2013-04-11,347.5,360.0,347.5,357.5
2013-04-12,353.5,361.0,352.5,360.5
2013-04-15,360.5,360.5,360.5,360.5
2013-04-16,353.5,357.5,352.5,357.5
2013-04-17,358.5,359.5,358.5,359.5
2013-04-18,359.5,359.5,350.5,350.5
2013-04-19,350.0,355.0,350.0,355.0
2013-04-22,355.0,357.0,348.0,350.0
2013-04-23,350.0,350.0,350.0,350.0
2013-04-24,350.5,350.5,345.5,350.5
2013-04-25,355.0,355.0,350.5,350.5
2013-04-26,351.0,353.5,351.0,353.5
2013-04-30,367.5,367.5,354.0,360.0
2013-05-01,360.0,366.5,360.0,365.0
2013-05-02,375.0,375.0,360.5,373.0
2013-05-07,365.5,375.0,365.5,375.0
2013-05-08,365.0,371.0,365.0,370.0
2013-05-09,370.0,390.0,370.0,385.0
2013-05-10,385.0,385.0,374.0,376.5
2013-05-13,376.5,381.0,366.5,381.0
2013-05-14,380.5,380.5,369.5,372.0
2013-05-15,375.0,375.0,369.0,369.0
2013-05-16,366.5,372.5,361.5,371.0
2013-05-17,377.5,385.0,372.5,375.5
2013-05-20,379.5,406.5,377.5,406.5
2013-05-21,400.5,410.0,400.0,409.0
2013-05-22,395.0,408.5,381.0,405.0
2013-05-23,390.0,390.0,375.5,377.0
2013-05-24,377.0,382.5,360.5,382.5
2013-05-27,365.0,374.0,351.5,374.0
2013-05-28,370.5,373.0,370.5,373.0
2013-05-29,372.5,372.5,370.0,370.0
2013-05-30,375.0,375.0,375.0,375.0
2013-05-31,376.5,376.5,373.5,373.5
2013-06-03,387.5,387.5,370.0,385.0
2013-06-04,385.0,385.0,385.0,385.0
2013-06-05,362.5,383.5,362.5,383.5
2013-06-06,375.0,378.5,360.0,378.5
2013-06-07,351.5,361.5,325.0,361.5
2013-06-10,357.5,357.5,350.0,350.0
2013-06-11,357.5,358.0,357.5,358.0
2013-06-12,345.5,345.5,335.0,335.0
2013-06-13,345.0,345.0,345.0,345.0
2013-06-14,336.0,345.5,336.0,345.0
2013-06-17,335.0,344.5,335.0,344.5
2013-06-18,340.0,350.0,340.0,350.0
2013-06-19,350.0,350.0,350.0,350.0
2013-06-20,350.0,350.0,336.0,337.0
2013-06-21,335.5,345.0,334.0,345.0
2013-06-24,345.0,345.0,345.0,345.0
2013-06-25,326.0,326.0,320.0,320.0
2013-06-26,321.0,330.0,320.0,330.0
2013-06-27,330.0,330.0,330.0,330.0
2013-06-28,354.0,354.0,354.0,354.0
2013-07-01,337.0,369.0,337.0,369.0
2013-07-02,384.0,384.0,346.5,356.0
2013-07-03,348.5,353.0,348.0,353.0
2013-07-04,353.0,353.0,353.0,353.0
2013-07-05,353.0,353.0,353.0,353.0
2013-07-08,350.0,350.0,345.5,345.5
2013-07-09,346.0,346.0,346.0,346.0
2013-07-10,350.0,350.0,345.0,345.0
2013-07-11,350.0,351.5,350.0,351.5
2013-07-12,345.0,354.0,345.0,354.0
2013-07-16,354.0,354.0,354.0,354.0
2013-07-17,354.0,354.0,354.0,354.0
2013-07-18,342.5,352.0,342.0,342.0
2013-07-19,342.0,342.5,337.5,337.5
2013-07-22,337.5,337.5,337.5,337.5
2013-07-23,337.5,337.5,337.5,337.5
2013-07-24,337.5,337.5,337.5,337.5
2013-07-25,343.0,343.0,342.5,342.5
2013-07-26,340.5,345.5,335.5,345.5
2013-07-29,336.5,336.5,336.0,336.0
2013-07-30,346.0,346.0,346.0,346.0
2013-07-31,348.5,348.5,341.0,341.0
2013-08-01,349.5,349.5,348.0,348.0
2013-08-02,349.5,350.0,341.5,350.0
2013-08-05,342.5,345.5,340.5,340.5
2013-08-06,365.5,365.5,355.5,357.0
2013-08-07,357.5,358.0,357.0,358.0
2013-08-08,359.0,359.0,356.0,356.0
2013-08-09,358.0,359.0,354.0,359.0
2013-08-12,352.0,352.0,351.0,351.0
2013-08-13,357.0,357.0,357.0,357.0
2013-08-14,357.5,357.5,350.5,357.5
2013-08-15,356.0,356.0,356.0,356.0
2013-08-16,357.0,357.0,357.0,357.0
2013-08-19,357.0,357.0,351.5,351.5
2013-08-20,351.5,351.5,350.0,350.0
2013-08-21,351.0,351.0,351.0,351.0
2013-08-22,351.0,351.0,351.0,351.0
2013-08-23,351.0,351.0,350.0,350.0
2013-08-26,350.0,350.0,350.0,350.0
2013-08-27,350.0,355.0,350.0,355.0
2013-08-28,355.0,355.0,345.0,352.5
2013-08-29,352.5,352.5,345.0,350.0
2013-08-30,355.5,355.5,336.0,345.5
2013-09-02,340.5,345.0,337.5,344.0
2013-09-03,347.0,347.0,342.5,342.5
2013-09-04,339.5,341.0,330.0,330.0
2013-09-05,330.0,336.5,326.0,336.5
2013-09-06,336.5,336.5,330.0,335.5
2013-09-09,335.5,337.5,333.0,333.0
2013-09-10,337.5,339.0,337.5,339.0
2013-09-11,338.5,338.5,334.0,334.0
2013-09-12,335.0,335.0,333.5,333.5
2013-09-13,333.5,336.5,333.5,336.5
2013-09-17,337.5,338.5,333.5,333.5
2013-09-18,338.0,338.0,338.0,338.0
2013-09-19,335.0,337.0,335.0,335.0
2013-09-20,338.5,338.5,335.5,335.5
2013-09-24,338.5,338.5,338.5,338.5
2013-09-25,338.5,338.5,338.5,338.5
2013-09-26,338.5,338.5,338.5,338.5
2013-09-27,339.0,342.0,339.0,342.0
2013-09-30,345.0,347.0,345.0,347.0
2013-10-01,347.5,355.0,347.5,354.5
2013-10-02,377.0,377.0,372.5,372.5
2013-10-03,357.5,359.0,355.5,355.5
2013-10-04,354.5,354.5,350.5,350.5
2013-10-07,345.0,345.0,345.0,345.0
2013-10-08,341.5,342.5,340.5,340.5
2013-10-09,339.0,340.0,339.0,340.0
2013-10-10,340.0,340.0,340.0,340.0
2013-10-11,340.0,345.0,340.0,341.0
2013-10-15,342.5,342.5,342.5,342.5
2013-10-16,342.5,342.5,342.5,342.5
2013-10-17,349.0,349.0,349.0,349.0
2013-10-18,344.0,348.5,344.0,348.5
2013-10-21,349.5,349.5,345.0,345.0
2013-10-22,345.0,345.0,345.0,345.0
2013-10-23,348.5,348.5,348.0,348.0
2013-10-24,344.0,344.0,344.0,344.0
2013-10-25,344.5,348.5,343.5,348.5
2013-10-28,349.5,349.5,345.0,345.0
2013-10-29,345.0,357.5,345.0,357.5
2013-10-30,355.5,356.0,348.0,350.0
2013-10-31,350.0,350.0,350.0,350.0
2013-11-01,353.0,355.5,352.5,355.0
2013-11-05,369.5,369.5,357.0,357.0
2013-11-06,353.5,354.0,353.5,354.0
2013-11-07,353.5,353.5,353.5,353.5
2013-11-08,350.5,352.5,350.5,352.5
2013-11-11,357.5,357.5,350.5,357.0
2013-11-12,357.0,362.5,357.0,362.5
2013-11-13,361.5,361.5,357.5,357.5
2013-11-14,350.5,351.0,347.5,347.5
2013-11-15,347.0,350.0,345.0,345.0
2013-11-18,346.5,347.5,346.5,347.5
2013-11-19,351.0,351.0,348.0,348.0
2013-11-20,347.5,347.5,342.5,342.5
2013-11-21,347.0,347.0,332.0,336.0
2013-11-22,341.0,341.0,336.0,337.5
2013-11-25,337.5,341.0,337.5,339.0
2013-11-26,342.0,342.0,341.0,341.0
2013-11-27,342.5,342.5,341.0,341.0
2013-11-28,342.5,346.0,341.5,346.0
2013-11-29,346.5,348.0,346.0,346.0
2013-12-02,345.0,345.5,341.0,345.5
2013-12-03,343.5,344.5,343.5,344.5
2013-12-04,340.0,343.0,338.0,342.5
2013-12-05,343.5,343.5,343.5,343.5
2013-12-06,343.5,343.5,340.0,340.0
2013-12-09,345.0,347.5,345.0,345.0
2013-12-10,345.0,347.5,345.0,345.0
2013-12-11,345.0,346.0,345.0,346.0
2013-12-12,345.0,345.0,345.0,345.0
2013-12-13,341.5,346.0,341.5,341.5
2013-12-16,341.0,341.0,335.0,337.0
2013-12-17,334.0,336.0,333.5,333.5
2013-12-18,336.0,337.5,335.5,335.5
2013-12-19,336.0,336.5,336.0,336.5
2013-12-20,335.5,336.5,335.0,335.0
2013-12-24,340.0,340.0,332.5,335.0
2013-12-25,333.5,335.0,333.5,334.0
2013-12-26,330.0,333.5,329.0,331.0
2013-12-27,329.0,330.5,329.0,330.0
2013-12-30,339.5,339.5,336.5,337.0
2014-01-06,334.0,343.5,334.0,343.5
2014-01-07,342.0,342.0,336.5,336.5
2014-01-08,336.5,344.5,336.5,344.5
2014-01-09,347.5,347.5,344.5,344.5
2014-01-10,347.0,347.0,347.0,347.0
2014-01-14,349.0,351.5,347.0,351.5
2014-01-15,358.5,360.0,356.0,356.0
2014-01-16,360.0,370.0,360.0,367.5
2014-01-17,366.5,366.5,355.0,360.0
2014-01-20,362.5,368.0,358.0,368.0
2014-01-21,368.0,375.0,368.0,375.0
2014-01-22,375.0,385.0,375.0,385.0
2014-01-23,390.0,400.0,382.5,390.0
2014-01-24,390.0,390.0,390.0,390.0
2014-01-27,380.0,380.0,367.5,367.5
2014-01-28,367.5,392.0,367.5,390.0
2014-01-29,375.0,389.5,375.0,384.0
2014-01-30,373.0,376.0,373.0,376.0
2014-01-31,390.0,390.0,375.5,375.5
2014-02-03,374.0,374.0,371.5,371.5
2014-02-04,379.0,379.0,354.0,377.5
2014-02-05,355.0,362.5,355.0,356.0
2014-02-06,356.0,356.0,356.0,356.0
2014-02-07,367.0,367.0,348.0,348.0
2014-02-10,373.5,374.5,351.0,351.0
2014-02-12,356.0,356.0,356.0,356.0
2014-02-13,299.5,325.0,299.0,317.5
2014-02-14,315.5,318.0,315.5,318.0
2014-02-17,315.5,315.5,315.0,315.0
2014-02-18,314.0,314.0,305.0,305.0
2014-02-19,305.0,305.5,305.0,305.5
2014-02-20,305.0,305.0,300.0,300.0
2014-02-21,299.0,299.0,287.5,288.0
2014-02-24,290.0,298.5,289.0,298.5
2014-02-25,291.0,295.5,291.0,291.5
2014-02-26,292.0,292.0,285.0,289.0
2014-02-27,289.0,289.5,289.0,289.5
2014-02-28,309.5,309.5,295.5,295.5
2014-03-03,295.0,295.0,290.0,294.5
2014-03-04,299.5,299.5,289.0,289.0
2014-03-05,286.5,287.0,283.0,286.5
2014-03-06,288.0,288.0,285.0,286.0
2014-03-07,286.5,286.5,282.5,283.5
2014-03-10,287.0,290.0,285.0,287.0
2014-03-11,289.0,289.0,289.0,289.0
2014-03-12,294.0,295.0,294.0,294.0
2014-03-13,298.0,298.0,294.0,295.5
2014-03-14,287.5,294.0,287.5,294.0
2014-03-17,294.0,294.0,287.5,288.0
2014-03-18,294.0,294.0,294.0,294.0
2014-03-19,294.0,294.0,291.5,291.5
2014-03-20,291.5,291.5,291.5,291.5
2014-03-24,290.0,290.0,290.0,290.0
2014-03-25,283.5,283.5,283.0,283.0
2014-03-26,280.5,281.0,276.0,280.0
2014-03-27,280.0,280.0,278.0,278.0
2014-03-28,285.0,285.0,285.0,285.0
2014-03-31,303.5,303.5,290.5,296.5
2014-04-01,296.0,302.5,293.0,302.5
2014-04-02,304.5,304.5,304.0,304.5
2014-04-03,293.5,295.0,293.5,293.5
2014-04-04,288.5,291.0,288.5,291.0
2014-04-07,288.5,288.5,285.5,285.5
2014-04-08,282.5,282.5,282.0,282.0
2014-04-09,281.5,281.5,279.0,279.0
2014-04-10,279.0,279.0,279.0,279.0
2014-04-11,279.0,279.0,269.0,271.0
2014-04-14,271.5,273.0,271.5,273.0
2014-04-15,280.0,284.5,280.0,284.5
2014-04-16,284.5,284.5,284.5,284.5
2014-04-17,284.5,284.5,284.5,284.5
2014-04-18,285.5,285.5,285.5,285.5
2014-04-21,278.5,278.5,275.5,275.5
2014-04-22,275.5,275.5,275.5,275.5
2014-04-23,275.5,275.5,275.5,275.5
2014-04-24,285.5,285.5,285.5,285.5
2014-04-25,285.5,285.5,285.5,285.5
2014-04-28,285.0,285.0,281.0,284.0
2014-04-30,299.5,299.5,294.5,297.5
2014-05-01,295.0,296.5,295.0,296.5
2014-05-02,302.0,302.0,302.0,302.0
2014-05-07,295.5,296.5,291.0,291.0
2014-05-08,289.5,289.5,289.5,289.5
2014-05-09,289.5,289.5,289.5,289.5
2014-05-12,302.0,305.0,302.0,305.0
2014-05-13,285.5,285.5,280.0,280.0
2014-05-14,280.5,297.0,280.5,297.0
2014-05-15,287.0,287.0,287.0,287.0
2014-05-16,283.5,283.5,283.5,283.5
2014-05-19,275.5,275.5,275.5,275.5
2014-05-20,272.5,288.5,270.0,288.5
2014-05-21,288.5,288.5,288.5,288.5
2014-05-22,288.5,288.5,288.5,288.5
2014-05-23,295.0,295.0,295.0,295.0
2014-05-26,295.0,295.0,295.0,295.0
2014-05-27,303.0,303.0,303.0,303.0
2014-05-28,300.0,300.0,300.0,300.0
2014-05-29,296.0,297.5,292.5,297.5
2014-05-30,300.0,300.0,295.0,300.0
2014-06-02,303.0,304.0,303.0,304.0
2014-06-03,294.0,294.0,289.0,289.5
2014-06-04,289.5,289.5,284.5,284.5
2014-06-05,286.0,286.0,286.0,286.0
2014-06-06,291.0,291.0,291.0,291.0
2014-06-09,290.5,290.5,290.5,290.5
2014-06-10,287.5,287.5,285.0,285.0
2014-06-11,285.0,285.0,285.0,285.0
2014-06-12,285.0,285.0,285.0,285.0
2014-06-13,285.0,285.0,285.0,285.0
2014-06-16,286.0,286.5,285.0,285.0
2014-06-17,293.0,293.0,293.0,293.0
2014-06-18,323.0,325.0,300.0,307.0
2014-06-19,302.0,302.0,301.0,301.0
2014-06-20,301.0,301.0,299.5,299.5
2014-06-23,298.5,300.0,297.5,297.5
2014-06-24,302.5,302.5,300.0,300.0
2014-06-25,302.0,302.0,302.0,302.0
2014-06-26,301.0,301.0,296.0,301.0
2014-06-27,302.5,305.0,300.0,303.5
2014-06-30,322.5,322.5,317.0,317.5
2014-07-01,309.0,316.0,309.0,314.5
2014-07-02,304.5,305.0,304.0,305.0
2014-07-03,304.5,304.5,304.5,304.5
2014-07-04,301.0,301.0,300.5,300.5
2014-07-07,300.5,300.5,300.5,300.5
2014-07-08,300.5,300.5,300.5,300.5
2014-07-09,300.5,304.0,300.0,304.0
2014-07-10,304.0,304.0,304.0,304.0
2014-07-11,295.5,295.5,295.0,295.5
2014-07-14,295.0,295.0,295.0,295.0
2014-07-15,295.5,295.5,291.0,294.5
2014-07-16,291.5,291.5,291.5,291.5
2014-07-17,291.5,291.5,291.5,291.5
2014-07-18,316.5,316.5,316.5,316.5
2014-07-22,316.5,316.5,316.5,316.5
2014-07-23,301.5,302.5,300.0,302.5
2014-07-24,300.5,300.5,300.0,300.0
2014-07-25,301.0,301.0,300.5,301.0
2014-07-28,306.0,306.0,305.0,305.0
2014-07-29,305.0,305.0,305.0,305.0
2014-07-30,302.5,305.0,302.5,305.0
2014-07-31,310.0,310.0,309.5,309.5
2014-08-01,302.0,305.0,302.0,305.0
2014-08-04,298.5,298.5,293.5,294.0
2014-08-05,294.0,294.0,294.0,294.0
2014-08-06,294.0,294.0,294.0,294.0
2014-08-07,299.0,299.0,288.0,288.5
2014-08-08,288.5,302.5,288.5,301.0
2014-08-11,314.0,325.0,311.0,312.5
2014-08-12,312.5,316.0,312.5,316.0
2014-08-13,320.0,324.0,320.0,322.0
2014-08-14,322.0,327.5,322.0,327.5
2014-08-15,328.5,337.0,328.5,337.0
2014-08-18,337.0,342.5,336.0,342.5
2014-08-19,352.0,352.0,340.5,349.5
2014-08-20,344.5,352.0,344.5,352.0
2014-08-21,351.5,351.5,345.0,345.0
2014-08-22,345.0,345.0,341.5,341.5
2014-08-25,341.0,341.0,334.5,341.0
2014-08-26,345.0,345.0,342.0,342.0
2014-08-27,342.0,342.0,342.0,342.0
2014-08-28,345.5,353.5,345.5,353.5
2014-08-29,352.0,352.0,349.0,349.0
2014-09-01,350.5,350.5,350.5,350.5
2014-09-02,346.0,347.0,346.0,347.0
2014-09-03,347.0,347.0,347.0,347.0
2014-09-04,347.0,347.0,347.0,347.0
2014-09-05,347.0,347.0,347.0,347.0
2014-09-08,347.0,347.5,343.0,343.0
2014-09-09,345.5,345.5,345.5,345.5
2014-09-10,345.5,345.5,345.5,345.5
2014-09-11,346.0,346.5,345.0,345.0
2014-09-12,350.0,355.0,350.0,355.0
2014-09-16,356.0,356.0,353.5,353.5
2014-09-17,361.0,367.5,361.0,365.0
2014-09-18,380.0,419.0,372.5,372.5
2014-09-19,372.5,375.0,372.5,375.0
2014-09-22,375.0,375.0,367.5,375.0
2014-09-24,365.0,365.0,360.0,360.0
2014-09-25,360.0,360.0,360.0,360.0
2014-09-26,360.0,360.0,356.5,356.5
2014-09-29,362.5,362.5,362.5,362.5
2014-09-30,370.0,370.0,370.0,370.0
2014-10-01,362.5,368.5,362.5,364.5
2014-10-02,357.0,358.5,355.5,357.5
2014-10-03,362.5,362.5,362.5,362.5
2014-10-06,363.0,363.0,356.5,357.5
2014-10-07,355.5,361.0,355.5,356.0
2014-10-08,356.0,356.0,356.0,356.0
2014-10-09,356.0,356.0,356.0,356.0
2014-10-10,350.0,350.0,346.0,346.0
2014-10-14,341.0,344.0,341.0,344.0
2014-10-15,346.0,347.5,346.0,347.0
2014-10-16,348.5,348.5,348.0,348.5
2014-10-17,348.0,348.0,348.0,348.0
2014-10-20,360.0,360.0,360.0,360.0
2014-10-21,345.0,347.0,340.0,341.5
2014-10-22,341.5,341.5,341.5,341.5
2014-10-23,341.5,341.5,341.5,341.5
2014-10-24,341.5,341.5,341.5,341.5
2014-10-27,343.0,343.0,343.0,343.0
2014-10-28,335.0,340.0,335.0,340.0
2014-10-29,340.0,340.0,340.0,340.0
2014-10-30,342.5,345.0,342.5,345.0
2014-10-31,345.0,345.0,345.0,345.0
2014-11-04,350.0,350.0,346.5,346.5
2014-11-05,345.5,349.5,345.5,349.5
2014-11-06,350.0,350.0,350.0,350.0
2014-11-07,350.0,350.0,350.0,350.0
2014-11-10,350.5,352.0,350.5,352.0
2014-11-11,350.5,351.5,350.5,351.5
2014-11-12,352.0,354.5,352.0,354.5
2014-11-13,354.5,357.5,354.5,355.5
2014-11-14,356.5,356.5,356.5,356.5
2014-11-17,367.0,375.0,364.5,364.5
2014-11-18,374.5,375.0,367.0,367.0
2014-11-19,367.0,367.5,360.0,367.5
2014-11-20,367.5,367.5,362.5,366.0
2014-11-21,366.0,366.0,360.5,364.5
2014-11-25,364.5,367.5,360.5,367.5
2014-11-26,367.5,367.5,367.5,367.5
2014-11-27,367.5,367.5,365.0,367.0
2014-11-28,367.0,367.0,367.0,367.0
2014-12-01,367.0,367.0,367.0,367.0
2014-12-02,367.0,367.0,365.0,365.0
2014-12-03,363.5,363.5,336.0,344.0
2014-12-04,344.5,346.0,344.5,346.0
2014-12-05,347.0,347.0,347.0,347.0
2014-12-08,350.0,350.0,349.5,350.0
2014-12-09,350.0,350.5,350.0,350.0
2014-12-10,350.0,350.0,350.0,350.0
2014-12-11,357.5,357.5,355.0,355.0
2014-12-12,355.0,355.0,355.0,355.0
2014-12-15,347.5,348.5,347.5,348.5
2014-12-16,348.5,348.5,348.5,348.5
2014-12-17,350.0,351.5,350.0,351.5
2014-12-18,370.5,370.5,369.5,369.5
2014-12-19,367.5,367.5,348.5,348.5
2014-12-22,349.0,350.0,349.0,350.0
2014-12-24,348.0,350.0,347.0,347.0
2014-12-25,348.0,350.0,341.0,341.5
2014-12-26,339.0,339.0,339.0,339.0
2014-12-29,350.0,350.0,343.0,350.0
2014-12-30,354.5,354.5,351.5,352.5
2015-01-05,350.0,355.0,350.0,355.0
2015-01-06,347.5,355.0,347.5,351.0
2015-01-07,351.0,351.0,351.0,351.0
2015-01-08,351.0,351.0,345.0,350.0
2015-01-09,354.0,354.0,354.0,354.0
2015-01-13,340.0,341.5,340.0,341.5
2015-01-14,352.5,352.5,345.0,345.0
2015-01-15,352.0,352.0,346.5,346.5
2015-01-16,347.0,352.0,347.0,352.0
2015-01-19,352.0,352.0,349.5,350.5
2015-01-20,354.5,354.5,354.5,354.5
2015-01-21,343.5,345.5,343.5,345.5
2015-01-22,345.5,345.5,345.5,345.5
2015-01-23,348.0,348.0,348.0,348.0
2015-01-26,351.0,351.0,351.0,351.0
2015-01-27,348.5,350.5,347.5,347.5
2015-01-28,347.5,347.5,347.5,347.5
2015-01-29,342.5,350.5,342.5,350.5
2015-01-30,349.5,349.5,349.0,349.5
2015-02-02,349.5,350.5,349.5,350.5
2015-02-03,342.5,343.0,342.5,343.0
2015-02-04,343.0,343.0,343.0,343.0
2015-02-05,343.0,343.0,343.0,343.0
2015-02-06,343.5,343.5,343.5,343.5
2015-02-09,343.5,343.5,343.5,343.5
2015-02-10,343.5,343.5,343.5,343.5
2015-02-12,348.5,348.5,348.5,348.5
2015-02-13,348.5,349.0,335.0,347.5
2015-02-16,347.5,347.5,347.5,347.5
2015-02-17,347.5,347.5,346.0,347.5
2015-02-18,357.0,357.0,350.0,350.0
2015-02-19,345.0,345.5,341.0,341.0
2015-02-20,350.0,350.0,349.5,350.0
2015-02-23,350.0,350.0,350.0,350.0
2015-02-24,350.5,351.0,350.5,351.0
2015-02-25,351.0,351.0,343.5,347.5
2015-02-26,347.5,348.0,343.0,343.0
2015-02-27,343.0,343.0,342.5,342.5
2015-03-02,342.5,342.5,341.5,341.5
2015-03-03,343.0,343.0,340.0,340.0
2015-03-04,340.0,340.0,340.0,340.0
2015-03-05,340.0,340.0,340.0,340.0
2015-03-06,340.0,340.0,340.0,340.0
2015-03-09,340.0,340.0,340.0,340.0
2015-03-10,340.0,341.0,340.0,341.0
2015-03-11,340.0,340.0,340.0,340.0
2015-03-12,340.0,340.0,338.5,340.0
2015-03-13,340.5,345.0,340.5,344.5
2015-03-16,344.5,350.0,344.5,350.0
2015-03-17,350.5,353.5,350.5,353.5
2015-03-18,364.5,366.0,362.5,362.5
2015-03-19,355.0,355.0,343.0,343.0
2015-03-20,350.0,350.0,350.0,350.0
2015-03-23,350.0,350.0,350.0,350.0
2015-03-24,349.5,349.5,349.5,349.5
2015-03-25,343.5,349.5,343.5,349.5
2015-03-26,343.0,362.5,343.0,343.5
2015-03-27,343.5,343.5,343.5,343.5
2015-03-30,350.0,350.0,350.0,350.0
2015-03-31,363.5,363.5,350.0,362.5
2015-04-01,362.5,362.5,362.5,362.5
2015-04-02,347.5,347.5,347.5,347.5
2015-04-03,346.0,346.0,346.0,346.0
2015-04-06,346.0,346.0,346.0,346.0
2015-04-07,351.0,351.0,345.0,345.0
2015-04-08,345.0,345.0,345.0,345.0
2015-04-09,343.0,343.0,343.0,343.0
2015-04-10,343.0,343.0,343.0,343.0
2015-04-13,343.0,343.0,343.0,343.0
2015-04-14,343.0,345.0,343.0,345.0
2015-04-15,345.0,345.0,345.0,345.0
2015-04-16,345.0,345.0,345.0,345.0
2015-04-17,345.0,345.0,345.0,345.0
2015-04-20,371.5,371.5,371.5,371.5
2015-04-21,369.5,369.5,351.0,354.5
2015-04-22,349.5,349.5,345.5,345.5
2015-04-23,359.0,359.0,359.0,359.0
2015-04-24,355.0,355.0,350.0,350.0
2015-04-27,348.5,365.5,348.5,360.5
2015-04-28,357.0,361.0,357.0,361.0
2015-04-30,368.5,368.5,358.0,358.0
2015-05-01,353.5,353.5,353.5,353.5
2015-05-07,350.5,350.5,350.0,350.0
2015-05-08,350.0,350.0,350.0,350.0
2015-05-11,350.0,350.0,350.0,350.0
2015-05-12,351.5,351.5,351.5,351.5
2015-05-13,351.5,351.5,351.5,351.5
2015-05-14,351.5,351.5,351.5,351.5
2015-05-15,356.0,363.0,356.0,362.0
2015-05-18,362.0,362.0,361.0,361.0
2015-05-19,402.5,414.5,370.0,374.0
2015-05-20,374.0,376.5,374.0,376.0
2015-05-21,376.0,376.0,376.0,376.0
2015-05-22,386.5,387.0,386.0,387.0
2015-05-25,387.0,387.0,385.5,385.5
2015-05-26,385.5,385.5,381.5,385.5
2015-05-27,385.5,385.5,385.5,385.5
2015-05-28,389.5,390.0,389.5,390.0
2015-05-29,395.0,395.0,394.0,394.0
2015-06-01,394.0,396.5,394.0,396.5
2015-06-02,397.0,397.0,390.5,391.5
2015-06-03,391.5,391.5,391.5,391.5
2015-06-04,391.5,391.5,391.5,391.5
2015-06-05,391.5,391.5,391.5,391.5
2015-06-08,391.5,391.5,391.5,391.5
2015-06-09,391.5,391.5,391.5,391.5
2015-06-10,391.5,391.5,391.5,391.5
2015-06-11,390.0,391.5,390.0,391.5
2015-06-12,391.5,391.5,391.5,391.5
2015-06-15,393.0,393.0,393.0,393.0
2015-06-16,393.5,393.5,393.5,393.5
2015-06-17,399.5,403.0,399.5,403.0
2015-06-18,407.0,410.0,405.0,405.0
2015-06-19,403.5,403.5,401.0,401.0
2015-06-22,401.0,401.5,401.0,401.0
2015-06-23,401.0,401.0,401.0,401.0
2015-06-24,410.0,410.0,410.0,410.0
2015-06-25,410.0,410.0,410.0,410.0
2015-06-26,405.0,409.5,405.0,409.5
2015-06-29,405.5,407.0,405.5,407.0
2015-06-30,414.5,414.5,405.5,405.5
2015-07-01,398.0,403.0,398.0,403.0
2015-07-02,388.0,392.0,388.0,392.0
2015-07-03,392.0,392.0,392.0,392.0
2015-07-06,392.0,392.5,392.0,392.5
2015-07-07,405.0,405.0,397.5,397.5
2015-07-08,398.0,398.0,393.0,393.0
2015-07-09,393.0,393.0,393.0,393.0
2015-07-10,393.0,393.0,393.0,393.0
2015-07-13,395.0,395.0,395.0,395.0
2015-07-14,395.0,402.5,395.0,402.0
2015-07-15,404.0,404.0,400.0,400.0
2015-07-16,400.0,400.0,399.5,399.5
2015-07-17,399.5,399.5,399.5,399.5
2015-07-21,399.5,399.5,399.5,399.5
2015-07-22,389.5,400.0,389.5,400.0
2015-07-23,400.0,400.0,400.0,400.0
2015-07-24,400.0,400.0,400.0,400.0
2015-07-27,400.0,400.0,400.0,400.0
2015-07-28,400.0,400.0,400.0,400.0
2015-07-29,400.0,400.0,400.0,400.0
2015-07-30,400.0,400.0,400.0,400.0
2015-07-31,430.0,430.0,399.0,401.0
2015-08-03,399.5,399.5,399.5,399.5
2015-08-04,399.5,399.5,399.5,399.5
2015-08-05,380.5,380.5,380.5,380.5
2015-08-06,380.5,380.5,380.5,380.5
2015-08-07,380.5,380.5,380.5,380.5
2015-08-10,371.5,371.5,371.5,371.5
2015-08-11,371.5,371.5,368.0,368.5
2015-08-12,369.0,371.5,369.0,369.5
2015-08-13,372.5,372.5,371.0,372.5
2015-08-14,372.5,372.5,372.5,372.5
2015-08-17,372.5,372.5,372.5,372.5
2015-08-18,397.0,397.0,396.5,396.5
2015-08-19,381.5,387.5,381.5,384.5
2015-08-20,384.5,385.0,380.0,385.0
2015-08-21,385.0,385.0,385.0,385.0
2015-08-24,385.0,385.0,372.5,372.5
2015-08-25,365.0,365.0,354.0,354.0
2015-08-26,354.0,355.5,354.0,355.5
2015-08-27,355.5,355.5,355.5,355.5
2015-08-28,356.5,360.0,356.5,360.0
2015-08-31,375.0,378.0,375.0,378.0
2015-09-01,378.0,378.0,364.5,373.0
2015-09-02,373.0,373.5,373.0,373.0
2015-09-03,373.0,373.0,370.5,370.5
2015-09-04,370.5,370.5,370.5,370.5
2015-09-07,370.0,370.0,365.5,365.5
2015-09-08,365.5,365.5,365.5,365.5
2015-09-09,365.5,365.5,365.5,365.5
2015-09-10,365.5,365.5,365.5,365.5
2015-09-11,365.5,365.5,365.5,365.5
2015-09-14,370.5,370.5,370.5,370.5
2015-09-15,400.0,400.0,399.5,400.0
2015-09-16,399.0,399.0,382.5,382.5
2015-09-17,385.0,385.0,385.0,385.0
2015-09-18,412.5,412.5,380.5,380.5
2015-09-24,373.0,373.0,373.0,373.0
2015-09-25,373.5,374.5,373.5,374.5
2015-09-28,375.5,376.0,375.5,376.0
2015-09-29,399.0,399.0,399.0,399.0
2015-09-30,414.0,414.0,391.5,391.5
2015-10-01,390.0,390.0,389.5,389.5
2015-10-02,382.0,382.0,382.0,382.0
2015-10-05,382.0,382.0,382.0,382.0
2015-10-06,382.0,382.0,382.0,382.0
2015-10-07,382.0,382.0,382.0,382.0
2015-10-08,382.0,382.0,382.0,382.0
2015-10-09,375.0,375.0,375.0,375.0
2015-10-13,371.0,371.0,371.0,371.0
2015-10-14,371.0,371.0,371.0,371.0
2015-10-15,371.0,371.0,371.0,371.0
2015-10-16,371.0,371.0,371.0,371.0
2015-10-19,371.0,371.0,371.0,371.0
2015-10-20,402.0,402.0,402.0,402.0
2015-10-21,379.5,385.0,379.5,385.0
2015-10-22,385.0,385.5,383.5,383.5
2015-10-23,378.0,382.5,378.0,382.5
2015-10-26,382.5,382.5,382.5,382.5
2015-10-27,382.5,382.5,382.5,382.5
2015-10-28,382.5,382.5,382.5,382.5
2015-10-29,392.0,399.0,392.0,394.5
2015-10-30,393.0,393.0,385.5,385.5
2015-11-02,385.5,386.0,385.5,386.0
2015-11-04,378.5,381.5,378.0,378.0
2015-11-05,380.0,380.0,380.0,380.0
2015-11-06,383.0,383.0,380.0,380.5
2015-11-09,380.5,380.5,380.5,380.5
2015-11-10,384.0,384.5,380.5,380.5
2015-11-11,380.5,388.5,376.5,385.0
2015-11-12,385.0,385.0,385.0,385.0
2015-11-13,385.0,402.0,377.5,377.5
2015-11-16,384.0,389.5,384.0,389.5
2015-11-17,391.5,397.0,391.5,397.0
2015-11-18,404.5,404.5,397.5,399.5
2015-11-19,394.5,403.5,394.5,400.5
2015-11-20,400.0,403.0,400.0,400.0
2015-11-24,392.5,392.5,392.5,392.5
2015-11-25,400.0,400.0,400.0,400.0
2015-11-26,400.0,403.5,400.0,403.5
2015-11-27,403.5,404.0,403.5,404.0
2015-11-30,404.5,404.5,404.5,404.5
2015-12-01,397.5,405.0,397.5,404.0
2015-12-02,398.0,398.0,398.0,398.0
2015-12-03,398.5,398.5,395.0,395.0
2015-12-04,395.0,395.0,395.0,395.0
2015-12-07,395.0,395.0,395.0,395.0
2015-12-08,395.0,395.0,395.0,395.0
2015-12-09,395.0,404.0,388.0,404.0
2015-12-10,404.0,404.0,402.5,402.5
2015-12-11,395.0,395.5,395.0,395.0
2015-12-14,395.0,395.0,395.0,395.0
2015-12-15,402.5,402.5,400.5,400.5
2015-12-16,400.0,400.0,399.5,400.0
2015-12-17,400.0,403.5,400.0,403.5
2015-12-18,403.5,403.5,403.5,403.5
2015-12-21,390.5,390.5,390.5,390.5
2015-12-22,390.5,390.5,390.5,390.5
2015-12-24,390.5,390.5,386.5,390.0
2015-12-25,390.0,390.0,390.0,390.0
2015-12-28,413.5,413.5,413.5,413.5
2015-12-29,408.5,408.5,408.5,408.5
2015-12-30,413.0,413.0,401.0,401.0
2016-01-04,395.0,395.0,395.0,395.0
2016-01-05,388.0,388.0,388.0,388.0
2016-01-06,388.0,388.0,388.0,388.0
2016-01-07,380.5,381.0,380.5,381.0
2016-01-08,380.0,380.0,379.5,380.0
2016-01-12,380.0,380.0,380.0,380.0
2016-01-13,380.0,380.0,380.0,380.0
2016-01-14,380.0,380.0,380.0,380.0
2016-01-15,380.0,380.0,380.0,380.0
2016-01-18,390.0,390.0,387.5,387.5
2016-01-19,400.0,400.0,400.0,400.0
2016-01-20,378.5,378.5,378.5,378.5
2016-01-21,378.5,378.5,378.5,378.5
2016-01-22,378.5,378.5,378.5,378.5
2016-01-25,378.5,378.5,378.5,378.5
2016-01-26,371.0,371.0,371.0,371.0
2016-01-27,371.0,371.0,371.0,371.0
2016-01-28,372.5,384.5,372.5,384.5
2016-01-29,391.5,391.5,391.5,391.5
2016-02-01,391.5,391.5,391.5,391.5
2016-02-02,369.0,375.0,369.0,374.0
2016-02-03,374.0,374.0,374.0,374.0
2016-02-04,374.0,374.0,374.0,374.0
2016-02-05,374.0,374.0,374.0,374.0
2016-02-08,368.0,370.5,368.0,370.5
2016-02-09,370.5,370.5,360.0,362.5
2016-02-10,365.0,368.5,365.0,368.5
2016-02-12,350.0,350.0,350.0,350.0
2016-02-15,350.0,350.0,350.0,350.0
2016-02-16,350.0,350.0,350.0,350.0
2016-02-17,353.0,360.0,353.0,360.0
2016-02-18,382.0,382.0,382.0,382.0
2016-02-19,352.0,352.0,352.0,352.0
2016-02-22,352.0,352.0,352.0,352.0
2016-02-23,348.0,348.0,348.0,348.0
2016-02-24,348.0,348.0,348.0,348.0
2016-02-25,348.5,348.5,348.5,348.5
2016-02-26,355.0,360.0,355.0,360.0
2016-02-29,367.5,367.5,367.5,367.5
2016-03-01,367.5,367.5,367.5,367.5
2016-03-02,352.5,352.5,352.5,352.5
2016-03-03,352.5,352.5,352.5,352.5
2016-03-04,345.0,345.0,340.5,340.5
2016-03-07,340.5,340.5,340.5,340.5
2016-03-08,340.5,340.5,340.5,340.5
2016-03-09,340.5,340.5,340.5,340.5
2016-03-10,340.5,340.5,340.5,340.5
2016-03-11,357.5,357.5,357.5,357.5
2016-03-14,358.0,365.5,358.0,363.0
2016-03-15,370.0,370.0,370.0,370.0
2016-03-16,370.0,370.0,367.5,367.5
2016-03-17,370.0,370.0,370.0,370.0
2016-03-18,399.5,400.0,354.5,354.5
2016-03-22,347.0,347.0,347.0,347.0
2016-03-23,347.0,347.0,347.0,347.0
2016-03-24,347.0,347.0,347.0,347.0
2016-03-25,347.0,347.0,347.0,347.0
2016-03-28,347.5,347.5,347.5,347.5
2016-03-29,367.5,367.5,367.5,367.5
2016-03-30,367.5,367.5,360.0,361.0
2016-03-31,368.0,368.0,368.0,368.0
2016-04-01,360.5,360.5,353.0,353.5
2016-04-04,353.5,353.5,350.0,350.0
2016-04-05,353.5,353.5,353.5,353.5
2016-04-06,353.5,353.5,353.5,353.5
2016-04-07,353.5,353.5,353.5,353.5
2016-04-08,353.5,353.5,353.5,353.5
2016-04-11,353.5,353.5,353.5,353.5
2016-04-12,353.5,353.5,353.5,353.5
2016-04-13,344.0,344.0,338.5,338.5
2016-04-14,338.5,338.5,338.5,338.5
2016-04-15,337.5,337.5,337.5,337.5
2016-04-18,339.5,357.5,339.5,350.0
2016-04-19,357.5,357.5,337.5,337.5
2016-04-20,332.5,341.0,332.5,341.0
2016-04-21,341.0,341.0,341.0,341.0
2016-04-22,341.0,341.0,341.0,341.0
2016-04-25,343.5,343.5,340.0,340.0
2016-04-26,335.0,335.0,330.0,334.5
2016-04-27,335.0,335.0,335.0,335.0
2016-04-28,335.0,335.0,335.0,335.0
2016-05-02,335.0,335.0,335.0,335.0
2016-05-06,335.0,335.0,330.5,330.5
2016-05-09,325.5,330.0,325.5,330.0
2016-05-10,325.0,325.0,325.0,325.0
2016-05-11,330.0,342.5,330.0,342.5
2016-05-12,342.5,342.5,330.0,336.0
2016-05-13,332.0,332.0,325.0,325.0
2016-05-16,325.0,325.0,320.0,320.0
2016-05-17,320.0,325.0,320.0,322.5
2016-05-18,313.0,313.5,313.0,313.5
2016-05-19,315.5,316.0,311.5,311.5
2016-05-20,311.0,311.0,303.0,305.5
2016-05-23,305.0,305.0,300.5,305.0
2016-05-24,300.5,300.5,300.0,300.5
2016-05-25,300.5,300.5,300.0,300.0
2016-05-26,301.5,303.0,301.0,303.0
2016-05-27,303.5,303.5,303.5,303.5
2016-05-30,308.5,315.0,308.5,315.0
2016-05-31,319.5,319.5,305.0,305.0
2016-06-01,305.0,305.0,305.0,305.0
2016-06-02,305.5,305.5,305.5,305.5
2016-06-03,304.0,304.0,304.0,304.0
2016-06-06,304.0,304.0,304.0,304.0
2016-06-07,304.0,310.5,300.5,305.0
2016-06-08,310.0,310.0,310.0,310.0
2016-06-09,312.5,312.5,312.5,312.5
2016-06-10,312.5,312.5,312.5,312.5
2016-06-13,312.5,312.5,312.5,312.5
2016-06-14,310.0,310.0,307.0,307.0
2016-06-15,302.0,304.0,295.0,295.5
2016-06-16,295.5,295.5,295.5,295.5
2016-06-17,290.5,298.0,290.5,298.0
2016-06-20,292.5,296.0,292.5,293.0
2016-06-21,290.0,290.0,290.0,290.0
2016-06-22,290.5,292.5,290.0,290.0
2016-06-23,290.0,290.0,290.0,290.0
2016-06-24,272.5,272.5,272.5,272.5
2016-06-27,272.5,275.0,272.5,275.0
2016-06-28,275.0,275.5,270.0,270.0
2016-06-29,280.0,280.0,275.0,280.0
2016-06-30,285.0,285.0,276.0,284.5
2016-07-01,275.0,275.5,274.5,275.0
2016-07-04,265.0,275.5,265.0,275.5
2016-07-05,270.5,275.0,270.0,270.0
2016-07-06,275.0,275.0,258.5,258.5
2016-07-07,268.5,268.5,255.0,256.5
2016-07-08,256.5,256.5,253.0,253.0
2016-07-11,253.0,253.0,253.0,253.0
2016-07-12,253.0,255.5,253.0,253.0
2016-07-13,255.0,256.5,255.0,256.5
2016-07-14,257.5,257.5,255.5,255.5
2016-07-15,255.0,256.5,255.0,256.0
2016-07-19,256.0,256.5,253.0,256.5
2016-07-20,265.0,265.0,252.5,252.5
2016-07-21,252.5,253.0,250.0,250.5
2016-07-22,250.5,250.5,250.0,250.0
2016-07-25,251.0,251.5,250.0,250.0
2016-07-26,250.0,251.0,250.0,250.0
2016-07-27,250.0,250.0,250.0,250.0
2016-07-28,253.5,253.5,252.5,252.5
2016-07-29,257.5,257.5,249.5,249.5
2016-08-01,251.0,254.5,250.5,254.5
2016-08-02,249.5,249.5,249.0,249.0
2016-08-03,249.0,250.5,249.0,250.5
2016-08-04,245.5,245.5,245.5,245.5
2016-08-05,250.0,250.0,250.0,250.0
2016-08-08,253.0,253.0,253.0,253.0
2016-08-09,250.0,267.5,250.0,257.5
2016-08-10,282.5,282.5,256.0,259.0
2016-08-12,261.0,261.0,261.0,261.0
2016-08-15,263.0,264.0,263.0,263.5
2016-08-16,267.5,267.5,267.5,267.5
2016-08-17,262.5,269.5,262.5,266.0
2016-08-18,270.0,270.0,270.0,270.0
2016-08-19,265.0,265.0,265.0,265.0
2016-08-22,265.0,265.0,261.0,261.0
2016-08-23,262.5,263.0,262.5,263.0
2016-08-24,262.5,263.0,262.5,263.0
2016-08-25,262.0,262.5,261.5,261.5
2016-08-26,263.0,264.0,260.0,260.0
2016-08-29,261.0,261.0,261.0,261.0
2016-08-30,264.0,266.5,264.0,266.5
2016-08-31,266.0,266.0,258.0,262.0
2016-09-01,261.0,261.0,261.0,261.0
2016-09-02,261.0,261.0,261.0,261.0
2016-09-05,262.0,262.0,262.0,262.0
2016-09-06,262.5,262.5,261.5,261.5
2016-09-07,261.5,261.5,261.5,261.5
2016-09-08,261.5,261.5,258.5,258.5
2016-09-09,263.0,263.0,263.0,263.0
2016-09-12,264.0,264.0,263.5,264.0
2016-09-13,264.0,266.0,264.0,266.0
2016-09-14,266.0,266.0,266.0,266.0
2016-09-15,266.0,266.0,266.0,266.0
2016-09-16,269.0,269.5,269.0,269.5
2016-09-20,269.5,269.5,269.5,269.5
2016-09-21,272.5,272.5,272.5,272.5
2016-09-23,267.5,272.0,267.5,272.0
2016-09-26,272.0,272.0,272.0,272.0
2016-09-27,267.5,274.0,267.5,271.5
2016-09-28,271.5,271.5,262.5,262.5
2016-09-29,265.0,278.0,265.0,276.5
2016-09-30,286.0,286.0,286.0,286.0
2016-10-03,284.5,284.5,274.5,279.5
2016-10-04,279.5,279.5,279.5,279.5
2016-10-05,284.5,284.5,284.5,284.5
2016-10-06,284.5,284.5,284.5,284.5
2016-10-07,283.0,283.0,283.0,283.0
2016-10-11,278.0,278.0,277.0,277.0
2016-10-12,275.0,275.0,273.0,273.0
2016-10-13,275.5,275.5,275.5,275.5
2016-10-14,275.5,275.5,275.5,275.5
2016-10-17,277.0,277.5,277.0,277.0
2016-10-18,282.0,282.0,282.0,282.0
2016-10-19,277.0,277.0,277.0,277.0
2016-10-20,277.5,282.5,272.5,277.5
2016-10-21,273.0,281.5,273.0,276.5
2016-10-24,276.5,276.5,276.5,276.5
2016-10-25,281.5,281.5,279.0,279.0
2016-10-26,279.5,279.5,277.5,279.0
2016-10-27,280.0,280.0,280.0,280.0
2016-10-28,282.0,282.5,282.0,282.5
2016-10-31,284.5,284.5,280.0,280.0
2016-11-01,280.0,280.0,280.0,280.0
2016-11-02,280.0,280.0,280.0,280.0
2016-11-04,279.5,280.5,277.0,280.5
2016-11-07,279.5,280.0,275.5,276.0
2016-11-08,276.0,279.5,276.0,279.0
2016-11-09,274.0,281.0,274.0,281.0
2016-11-10,287.5,287.5,277.5,277.5
2016-11-11,280.0,280.0,275.0,275.0
2016-11-14,280.0,280.0,279.0,279.0
2016-11-15,279.0,279.0,279.0,279.0
2016-11-16,278.0,287.5,278.0,278.5
2016-11-17,278.5,278.5,277.0,278.0
2016-11-18,282.0,282.0,278.0,278.0
2016-11-21,280.5,283.0,279.5,279.5
2016-11-22,279.5,282.5,279.5,281.5
2016-11-24,284.0,293.5,283.5,285.5
2016-11-25,286.0,286.0,282.5,282.5
2016-11-28,291.5,291.5,290.0,290.0
2016-11-29,299.0,299.0,294.0,294.5
2016-11-30,293.0,293.0,291.5,291.5
2016-12-01,301.5,305.0,295.0,300.0
2016-12-02,305.0,306.5,305.0,306.5
2016-12-05,306.5,315.0,306.5,308.5
2016-12-06,308.5,308.5,308.5,308.5
2016-12-07,310.0,310.0,310.0,310.0
2016-12-08,307.5,308.0,307.5,307.5
2016-12-09,307.5,313.0,307.5,313.0
2016-12-12,318.0,318.0,307.5,307.5
2016-12-13,307.0,309.5,307.0,309.5
2016-12-14,308.0,308.5,308.0,308.5
2016-12-15,309.0,312.5,309.0,312.5
2016-12-16,312.0,318.5,312.0,318.5
2016-12-19,313.5,321.0,313.5,321.0
2016-12-20,322.0,325.0,315.5,325.0
2016-12-21,326.0,342.0,326.0,339.0
2016-12-22,339.0,339.5,328.5,331.0
2016-12-26,333.0,333.0,326.0,326.5
2016-12-27,325.0,325.0,319.0,324.0
2016-12-28,322.5,326.5,322.5,326.5
2016-12-29,326.5,329.0,323.0,328.5
2016-12-30,331.0,331.0,326.5,327.0
2017-01-04,328.0,328.0,327.0,327.0
2017-01-05,324.0,330.0,324.0,330.0
2017-01-06,325.0,325.0,325.0,325.0
2017-01-10,325.5,327.0,325.5,327.0
2017-01-11,327.5,330.0,327.5,330.0
2017-01-12,328.5,331.5,328.5,328.5
2017-01-13,330.0,330.0,330.0,330.0
2017-01-16,329.5,329.5,329.5,329.5
2017-01-17,330.5,334.0,330.5,334.0
2017-01-18,337.5,337.5,329.5,329.5
2017-01-19,329.5,329.5,328.5,328.5
2017-01-20,329.0,329.0,325.0,325.0
2017-01-23,326.0,326.0,326.0,326.0
2017-01-24,326.0,334.5,326.0,334.5
2017-01-25,338.5,338.5,332.5,338.5
2017-01-26,340.5,340.5,338.5,339.0
2017-01-27,339.0,339.0,339.0,339.0
2017-01-30,358.5,358.5,358.5,358.5
2017-01-31,358.5,358.5,350.5,352.0
2017-02-01,346.0,357.0,346.0,355.5
2017-02-02,357.0,357.0,355.0,355.0
2017-02-03,355.5,355.5,355.0,355.0
2017-02-06,353.5,353.5,353.0,353.0
2017-02-07,353.0,355.0,353.0,355.0
2017-02-08,353.0,353.0,353.0,353.0
2017-02-09,354.5,354.5,351.0,351.0
2017-02-10,351.0,351.0,351.0,351.0
2017-02-13,354.5,354.5,349.5,350.0
2017-02-14,355.0,363.5,352.5,359.0
2017-02-15,339.0,344.0,332.0,332.5
2017-02-16,337.5,337.5,322.0,324.0
2017-02-17,328.0,329.0,324.5,329.0
2017-02-20,333.5,337.5,333.5,337.5
2017-02-21,332.5,336.5,332.5,336.5
2017-02-22,331.5,339.0,330.0,336.5
2017-02-23,335.0,335.0,335.0,335.0
2017-02-24,335.0,335.0,335.0,335.0
2017-02-27,357.5,357.5,339.5,339.5
2017-02-28,345.0,345.0,345.0,345.0
2017-03-01,341.0,350.5,339.0,350.5
2017-03-02,348.0,350.0,345.0,345.5
2017-03-03,345.5,345.5,345.5,345.5
2017-03-06,345.5,345.5,345.5,345.5
2017-03-07,355.0,355.0,350.0,352.5
2017-03-08,355.0,365.0,355.0,360.0
2017-03-09,360.0,366.0,359.5,366.0
2017-03-10,368.0,368.5,361.0,367.5
2017-03-13,368.0,368.0,368.0,368.0
2017-03-14,368.0,368.0,368.0,368.0
2017-03-15,374.0,375.5,374.0,375.5
2017-03-16,381.0,381.0,381.0,381.0
2017-03-17,375.5,385.0,375.5,380.5
2017-03-21,385.0,385.0,385.0,385.0
2017-03-22,385.0,385.0,377.5,377.5
2017-03-23,377.5,377.5,375.0,375.5
2017-03-24,375.5,375.5,375.5,375.5
2017-03-27,388.5,402.5,385.0,385.0
2017-03-28,395.0,399.0,391.5,391.5
2017-03-29,391.5,391.5,391.5,391.5
2017-03-30,390.5,390.5,389.5,389.5
2017-03-31,377.5,378.0,377.5,378.0
2017-04-03,378.0,378.0,376.0,376.0
2017-04-04,377.5,377.5,377.5,377.5
2017-04-05,377.0,377.0,377.0,377.0
2017-04-06,370.5,370.5,370.5,370.5
2017-04-07,363.5,367.5,363.5,367.5
2017-04-10,367.5,367.5,367.5,367.5
2017-04-11,367.5,367.5,367.5,367.5
2017-04-12,363.5,363.5,349.5,349.5
2017-04-13,339.5,339.5,333.0,333.0
2017-04-14,333.0,333.0,322.5,322.5
2017-04-17,318.5,322.5,300.5,303.5
2017-04-18,328.5,341.5,301.5,307.0
2017-04-19,307.0,313.5,307.0,307.0
2017-04-20,307.0,321.5,307.0,319.5
2017-04-21,322.0,322.0,317.5,317.5
2017-04-24,313.0,319.5,312.5,319.5
2017-04-25,319.0,319.0,319.0,319.0
2017-04-26,319.5,329.5,319.5,329.5
2017-04-27,329.0,329.0,324.0,329.0
2017-04-28,335.0,335.5,335.0,335.0
2017-05-01,335.0,349.5,330.0,349.5
2017-05-02,339.5,345.0,339.5,345.0
2017-05-08,345.0,347.5,345.0,347.5
2017-05-09,347.0,350.0,347.0,350.0
2017-05-10,355.0,355.0,355.0,355.0
2017-05-11,355.0,355.0,355.0,355.0
2017-05-12,332.5,345.0,332.5,345.0
2017-05-15,343.5,345.0,343.0,344.0
2017-05-16,345.5,355.0,345.5,355.0
2017-05-17,355.5,368.0,355.5,368.0
2017-05-18,368.0,368.0,361.5,367.0
2017-05-19,367.0,370.0,367.0,370.0
2017-05-22,370.0,379.5,370.0,379.5
2017-05-23,380.0,380.0,375.0,375.0
2017-05-24,375.0,381.5,375.0,380.5
2017-05-25,380.5,382.0,380.5,381.5
2017-05-26,381.5,383.0,378.0,383.0
2017-05-29,383.0,385.0,370.0,375.0
2017-05-30,375.0,382.0,373.0,382.0
2017-05-31,389.0,389.0,374.0,374.0
2017-06-01,374.0,374.0,374.0,374.0
2017-06-02,386.0,386.0,385.0,385.0
2017-06-05,389.5,389.5,380.5,385.0
2017-06-06,389.0,389.5,388.0,389.5
2017-06-07,389.5,389.5,389.5,389.5
2017-06-08,389.5,389.5,389.5,389.5
2017-06-09,389.5,389.5,389.0,389.0
2017-06-12,381.5,385.5,381.5,385.5
2017-06-13,385.5,385.5,385.5,385.5
2017-06-14,392.5,392.5,392.5,392.5
2017-06-15,392.5,392.5,392.5,392.5
2017-06-16,392.5,392.5,376.0,383.5
2017-06-19,383.5,383.5,383.5,383.5
2017-06-20,389.0,389.0,383.5,387.5
2017-06-21,387.5,387.5,387.5,387.5
2017-06-22,387.5,387.5,380.0,380.0
2017-06-23,380.0,380.0,380.0,380.0
2017-06-26,380.0,380.0,380.0,380.0
2017-06-27,380.0,384.0,380.0,384.0
2017-06-28,384.0,384.0,377.5,377.5
2017-06-29,377.5,377.5,377.5,377.5
2017-06-30,383.0,383.0,374.5,374.5
2017-07-03,375.0,375.0,371.5,371.5
2017-07-04,371.0,371.0,365.5,365.5
2017-07-05,369.0,369.0,369.0,369.0
2017-07-06,369.0,369.0,369.0,369.0
2017-07-07,369.0,369.0,369.0,369.0
2017-07-10,378.0,378.0,378.0,378.0
2017-07-11,372.0,372.0,372.0,372.0
2017-07-12,372.0,372.0,372.0,372.0
2017-07-13,372.0,372.0,372.0,372.0
2017-07-14,375.5,375.5,375.5,375.5
2017-07-17,375.5,375.5,375.5,375.5
2017-07-18,370.0,370.0,370.0,370.0
2017-07-19,374.0,374.0,374.0,374.0
2017-07-20,366.5,369.5,366.5,369.5
2017-07-21,366.5,366.5,358.0,358.0
2017-07-24,365.5,365.5,365.5,365.5
2017-07-25,373.0,373.0,368.0,368.0
2017-07-26,374.0,374.0,372.5,372.5
2017-07-27,372.5,372.5,372.5,372.5
2017-07-28,376.5,379.0,375.0,376.5
2017-07-31,380.0,380.0,375.0,375.0
2017-08-01,381.5,381.5,380.0,380.0
2017-08-02,380.0,380.0,378.5,378.5
2017-08-03,378.5,378.5,378.0,378.0
2017-08-04,378.0,378.0,378.0,378.0
2017-08-07,378.0,378.0,378.0,378.0
2017-08-08,379.5,385.0,379.0,379.0
2017-08-09,386.0,386.0,385.5,385.5
2017-08-10,385.0,385.0,384.5,385.0
2017-08-11,385.0,385.0,385.0,385.0
2017-08-14,384.0,384.0,378.5,378.5
2017-08-15,378.5,378.5,378.5,378.5
2017-08-16,378.5,383.0,378.5,380.5
2017-08-17,380.5,383.5,373.5,383.5
2017-08-18,383.5,383.5,383.5,383.5
2017-08-21,374.0,374.0,374.0,374.0
2017-08-22,374.0,374.0,374.0,374.0
2017-08-23,375.5,375.5,375.5,375.5
2017-08-24,375.5,375.5,375.5,375.5
2017-08-25,375.5,375.5,375.5,375.5
2017-08-28,375.5,375.5,375.5,375.5
2017-08-29,375.5,375.5,375.5,375.5
2017-08-30,383.5,383.5,383.5,383.5
2017-08-31,384.0,384.0,384.0,384.0
2017-09-01,384.0,390.0,384.0,390.0
2017-09-04,390.0,390.0,390.0,390.0
2017-09-05,390.0,390.0,390.0,390.0
2017-09-06,390.0,390.0,389.5,390.0
2017-09-07,389.5,389.5,389.5,389.5
2017-09-08,389.5,389.5,389.5,389.5
2017-09-11,389.5,389.5,389.5,389.5
2017-09-12,389.5,389.5,389.5,389.5
2017-09-13,390.0,390.0,389.5,389.5
2017-09-14,390.0,390.0,389.5,390.0
2017-09-15,390.0,390.0,390.0,390.0
2017-09-18,390.0,390.0,390.0,390.0
2017-09-19,390.0,390.0,390.0,390.0
2017-09-20,403.0,403.0,395.0,397.0
2017-09-21,397.0,397.0,397.0,397.0
2017-09-22,397.0,397.0,395.5,395.5
2017-09-25,395.5,395.5,395.5,395.5
2017-09-26,395.5,397.5,395.5,397.5
2017-09-27,397.5,397.5,391.5,391.5
2017-09-28,395.0,395.0,395.0,395.0
2017-09-29,408.5,408.5,400.0,400.0
2017-10-02,400.0,400.0,394.5,394.5
2017-10-03,391.0,400.0,391.0,400.0
2017-10-04,400.0,400.0,400.0,400.0
2017-10-05,403.5,403.5,403.5,403.5
2017-10-06,403.5,403.5,403.5,403.5
2017-10-09,403.5,403.5,403.5,403.5
2017-10-10,391.5,400.0,391.5,400.0
2017-10-11,394.0,394.0,391.0,391.0
2017-10-12,391.0,391.0,391.0,391.0
2017-10-13,400.0,400.0,400.0,400.0
2017-10-16,400.0,400.0,400.0,400.0
2017-10-17,397.5,397.5,392.5,392.5
2017-10-18,392.5,392.5,392.5,392.5
2017-10-19,392.5,392.5,392.5,392.5
2017-10-20,391.5,391.5,377.5,382.5
2017-10-23,389.5,390.0,382.0,390.0
2017-10-24,390.0,390.0,390.0,390.0
2017-10-25,391.5,462.0,391.5,445.0
2017-10-26,452.5,452.5,426.0,430.5
2017-10-27,431.0,440.0,431.0,433.0
2017-10-30,435.5,435.5,432.5,432.5
2017-10-31,439.5,445.0,422.5,422.5
2017-11-01,413.5,418.5,413.0,415.0
2017-11-02,415.0,415.0,408.0,408.0
2017-11-03,408.0,408.0,408.0,408.0
2017-11-06,408.0,408.0,408.0,408.0
2017-11-07,416.5,417.0,416.0,416.0
2017-11-08,403.5,410.5,403.5,404.0
2017-11-09,404.0,404.0,403.5,403.5
2017-11-10,403.5,403.5,403.5,403.5
2017-11-13,400.0,407.5,399.5,407.5
2017-11-14,403.0,403.0,395.0,395.0
2017-11-15,395.0,395.0,395.0,395.0
2017-11-16,386.5,390.0,386.5,390.0
2017-11-17,395.0,395.0,391.5,391.5
2017-11-20,390.5,390.5,390.0,390.5
2017-11-21,397.5,397.5,392.5,392.5
2017-11-22,392.5,392.5,392.5,392.5
2017-11-23,392.5,392.5,392.5,392.5
2017-11-24,392.5,392.5,392.5,392.5
2017-11-27,392.5,392.5,392.5,392.5
2017-11-28,414.0,414.0,407.0,407.0
2017-11-29,412.5,412.5,405.0,405.0
2017-11-30,405.0,405.0,405.0,405.0
2017-12-01,400.5,400.5,400.5,400.5
2017-12-04,400.5,400.5,400.5,400.5
2017-12-05,400.5,400.5,400.5,400.5
2017-12-06,400.5,400.5,400.5,400.5
2017-12-07,401.0,404.5,401.0,404.5
2017-12-08,404.5,404.5,404.5,404.5
2017-12-11,404.5,404.5,404.5,404.5
2017-12-12,412.5,416.5,409.0,416.5
2017-12-13,416.5,416.5,416.5,416.5
2017-12-14,416.0,419.0,416.0,419.0
2017-12-15,409.0,409.0,407.5,409.0
2017-12-18,420.0,420.0,420.0,420.0
2017-12-19,412.5,412.5,412.5,412.5
2017-12-20,412.5,412.5,412.5,412.5
2017-12-21,413.0,420.5,413.0,420.0
2017-12-22,412.5,412.5,411.5,411.5
2017-12-25,411.5,411.5,411.5,411.5
2017-12-26,415.0,419.5,406.0,419.5
2017-12-27,410.5,413.5,410.5,413.5
2017-12-28,417.0,417.0,417.0,417.0
2017-12-29,419.5,419.5,412.0,412.0
2018-01-01,412.0,412.0,412.0,412.0
2018-01-02,412.0,412.0,412.0,412.0
2018-01-03,412.0,412.0,412.0,412.0
2018-01-04,402.0,404.5,402.0,404.5
2018-01-05,404.5,404.5,404.5,404.5
2018-01-08,404.5,404.5,404.5,404.5
2018-01-09,402.5,402.5,402.5,402.5
2018-01-10,402.5,416.5,402.5,414.0
2018-01-11,414.0,414.0,414.0,414.0
2018-01-12,414.0,414.0,406.5,412.5
2018-01-15,405.5,410.5,402.5,410.5
2018-01-16,405.0,410.0,405.0,410.0
2018-01-17,410.0,410.0,410.0,410.0
2018-01-18,416.5,416.5,411.0,411.0
2018-01-19,411.0,417.0,405.5,416.5
2018-01-22,416.5,416.5,416.5,416.5
2018-01-23,409.5,409.5,409.5,409.5
2018-01-24,409.5,409.5,409.0,409.0
2018-01-25,409.0,409.0,409.0,409.0
2018-01-26,409.0,409.0,409.0,409.0
2018-01-29,409.0,409.0,409.0,409.0
2018-01-30,414.0,416.5,414.0,416.5
2018-01-31,414.0,414.0,414.0,414.0
2018-02-01,414.0,414.0,414.0,414.0
2018-02-02,414.5,420.0,408.0,408.0
2018-02-05,408.0,408.0,407.5,407.5
2018-02-06,407.0,407.0,407.0,407.0
2018-02-07,407.0,407.0,407.0,407.0
2018-02-08,366.0,389.5,366.0,389.5
2018-02-09,389.5,389.5,389.5,389.5
2018-02-12,389.5,389.5,389.5,389.5
2018-02-13,403.5,403.5,375.5,375.5
2018-02-14,410.5,410.5,379.0,383.0
2018-02-15,390.5,392.0,390.5,391.5
2018-02-16,391.5,391.5,391.5,391.5
2018-02-19,410.5,418.0,410.5,417.5
2018-02-20,405.5,405.5,405.5,405.5
2018-02-21,435.5,436.0,414.5,414.5
2018-02-22,414.5,414.5,414.5,414.5
2018-02-23,414.0,414.0,406.5,406.5
2018-02-26,406.5,406.5,406.5,406.5
2018-02-27,407.5,407.5,407.5,407.5
2018-02-28,407.5,407.5,407.5,407.5
2018-03-01,405.0,411.0,405.0,411.0
2018-03-02,411.0,411.0,411.0,411.0
2018-03-05,406.5,406.5,406.5,406.5
2018-03-06,406.5,406.5,406.5,406.5
2018-03-07,406.5,406.5,406.5,406.5
2018-03-08,406.5,406.5,406.5,406.5
2018-03-09,406.5,406.5,396.5,397.0
2018-03-12,397.0,397.0,397.0,397.0
2018-03-13,406.5,406.5,399.0,399.0
2018-03-14,407.0,407.0,407.0,407.0
2018-03-15,407.0,407.0,407.0,407.0
2018-03-16,406.0,417.5,406.0,417.0
2018-03-19,424.5,424.5,410.0,413.5
2018-03-20,421.0,421.0,409.5,409.5
2018-03-21,409.5,409.5,409.5,409.5
2018-03-22,409.5,409.5,409.5,409.5
2018-03-23,405.0,405.0,404.5,404.5
2018-03-26,404.5,404.5,404.5,404.5
2018-03-27,404.5,404.5,404.5,404.5
2018-03-28,414.5,414.5,414.5,414.5
2018-03-29,414.5,414.5,414.5,414.5
2018-03-30,420.5,420.5,420.5,420.5
2018-04-02,408.5,415.0,401.5,401.5
2018-04-03,401.5,401.5,401.5,401.5
2018-04-04,401.5,401.5,401.5,401.5
2018-04-05,401.5,401.5,401.5,401.5
2018-04-06,404.5,404.5,402.5,402.5
2018-04-09,402.5,402.5,402.5,402.5
2018-04-10,402.5,402.5,402.5,402.5
2018-04-11,402.5,402.5,402.5,402.5
2018-04-12,402.5,402.5,402.5,402.5
2018-04-13,404.0,405.0,404.0,405.0
2018-04-16,405.0,405.0,405.0,405.0
2018-04-17,405.0,405.0,405.0,405.0
2018-04-18,405.0,405.0,405.0,405.0
2018-04-19,401.0,401.0,398.0,398.0
2018-04-20,399.5,401.0,399.5,401.0
2018-04-23,402.0,406.5,402.0,406.5
2018-04-24,406.5,406.5,406.5,406.5
2018-04-25,406.5,406.5,406.5,406.5
2018-04-26,400.5,402.5,395.0,402.5
2018-04-27,402.5,402.5,402.5,402.5
2018-04-30,402.5,402.5,402.5,402.5
2018-05-01,402.5,402.5,402.5,402.5
2018-05-02,402.5,402.5,402.5,402.5
2018-05-03,402.5,402.5,402.5,402.5
2018-05-04,402.5,402.5,402.5,402.5
2018-05-07,402.5,402.5,402.5,402.5
2018-05-08,402.5,402.5,402.5,402.5
2018-05-09,402.5,402.5,402.5,402.5
2018-05-10,405.0,412.0,404.5,410.0
2018-05-11,410.0,410.0,410.0,410.0
2018-05-14,410.0,410.0,410.0,410.0
2018-05-15,395.5,405.0,395.5,400.5
2018-05-16,400.5,400.5,400.5,400.5
2018-05-17,400.5,400.5,400.5,400.5
2018-05-18,404.5,404.5,397.5,397.5
2018-05-21,400.0,400.5,399.5,399.5
2018-05-22,399.5,399.5,399.5,399.5
2018-05-23,399.5,399.5,399.5,399.5
2018-05-24,399.5,399.5,399.5,399.5
2018-05-25,399.5,399.5,399.5,399.5
2018-05-28,399.5,399.5,399.5,399.5
2018-05-29,399.5,399.5,399.5,399.5
2018-05-30,402.5,402.5,400.0,400.0
2018-05-31,398.5,399.5,395.5,399.5
2018-06-01,399.5,399.5,399.5,399.5
2018-06-04,398.0,398.0,398.0,398.0
2018-06-05,398.0,398.0,394.0,394.0
2018-06-06,394.0,394.0,394.0,394.0
2018-06-07,400.0,404.5,400.0,404.5
2018-06-08,404.5,404.5,404.5,404.5
2018-06-11,404.5,404.5,404.5,404.5
2018-06-12,404.5,404.5,404.5,404.5
2018-06-13,404.5,404.5,404.5,404.5
2018-06-14,401.0,405.5,401.0,403.0
2018-06-15,410.0,410.5,410.0,410.0
2018-06-18,410.0,412.0,406.5,406.5
2018-06-19,409.0,409.0,402.5,402.5
2018-06-20,402.5,402.5,402.5,402.5
2018-06-21,402.5,402.5,402.5,402.5
2018-06-22,402.5,402.5,402.5,402.5
2018-06-25,402.5,402.5,402.5,402.5
2018-06-26,394.5,394.5,394.5,394.5
2018-06-27,394.5,394.5,394.5,394.5
2018-06-28,394.5,394.5,394.5,394.5
2018-06-29,394.5,394.5,394.5,394.5
2018-07-02,394.5,394.5,394.5,394.5
2018-07-03,388.5,388.5,388.5,388.5
2018-07-04,388.5,388.5,388.5,388.5
2018-07-05,381.0,381.0,381.0,381.0
2018-07-06,373.5,385.0,373.5,385.0
2018-07-09,385.0,385.0,385.0,385.0
2018-07-10,385.0,389.0,385.0,389.0
2018-07-11,389.0,389.0,389.0,389.0
2018-07-12,389.0,389.0,387.0,389.0
2018-07-13,389.0,389.0,389.0,389.0
2018-07-16,389.0,389.0,389.0,389.0
2018-07-17,395.0,395.0,395.0,395.0
2018-07-18,387.5,387.5,387.5,387.5
2018-07-19,386.5,386.5,379.0,383.5
2018-07-20,383.5,383.5,383.5,383.5
2018-07-23,392.5,400.0,392.5,399.5
2018-07-24,399.5,399.5,399.5,399.5
2018-07-25,399.5,399.5,399.5,399.5
2018-07-26,399.5,400.5,399.5,400.5
2018-07-27,400.5,400.5,400.5,400.5
2018-07-30,401.0,402.0,400.0,402.0
2018-07-31,402.0,402.0,402.0,402.0
2018-08-01,402.0,402.0,402.0,402.0
2018-08-02,402.0,402.0,402.0,402.0
2018-08-03,402.0,402.0,402.0,402.0
2018-08-06,389.5,389.5,385.0,385.0
2018-08-07,389.5,389.5,389.5,389.5
2018-08-08,389.5,389.5,389.5,389.5
2018-08-09,382.0,382.0,381.5,381.5
2018-08-10,381.5,381.5,381.5,381.5
2018-08-13,379.5,379.5,370.5,370.5
2018-08-14,370.5,370.5,370.5,370.5
2018-08-15,364.5,365.0,364.5,364.5
2018-08-16,364.5,364.5,362.5,362.5
2018-08-17,362.5,362.5,362.5,362.5
2018-08-20,362.5,362.5,362.5,362.5
2018-08-21,365.0,365.0,363.5,363.5
2018-08-22,363.5,363.5,363.5,363.5
2018-08-23,363.5,363.5,363.5,363.5
2018-08-24,363.5,363.5,363.5,363.5
2018-08-27,363.5,363.5,363.5,363.5
2018-08-28,366.0,366.0,365.5,365.5
2018-08-29,365.5,365.5,365.5,365.5
2018-08-30,366.5,367.0,365.0,365.0
2018-08-31,365.0,365.0,365.0,365.0
2018-09-03,365.0,375.0,365.0,375.0
2018-09-04,380.0,380.0,368.5,376.0
2018-09-05,376.0,376.0,376.0,376.0
2018-09-06,376.0,376.0,376.0,376.0
2018-09-07,358.0,375.0,358.0,374.5
2018-09-10,362.0,369.5,362.0,369.5
2018-09-11,364.5,369.5,364.5,369.5
2018-09-12,374.5,374.5,367.0,367.0
2018-09-13,367.0,367.0,367.0,367.0
2018-09-14,367.5,367.5,367.0,367.0
2018-09-17,367.0,367.0,367.0,367.0
2018-09-18,367.0,367.0,367.0,367.0
2018-09-19,367.0,367.0,367.0,367.0
2018-09-20,367.0,374.5,367.0,367.0
2018-09-21,367.0,367.0,367.0,367.0
2018-09-24,367.0,367.0,367.0,367.0
2018-09-25,370.5,371.5,370.5,371.5
2018-09-26,378.0,378.0,371.5,371.5
2018-09-27,371.5,371.5,371.5,371.5
2018-09-28,380.0,387.0,375.0,387.0
2018-10-01,387.0,387.0,387.0,387.0
2018-10-02,380.0,380.0,374.5,374.5
2018-10-03,374.5,374.5,374.5,374.5
2018-10-04,370.5,370.5,370.0,370.0
2018-10-05,370.0,370.0,370.0,370.0
2018-10-08,370.0,370.0,370.0,370.0
2018-10-09,377.0,377.0,362.5,362.5
2018-10-10,362.5,362.5,362.5,362.5
2018-10-11,362.5,362.5,362.5,362.5
2018-10-12,362.5,362.5,362.5,362.5
2018-10-15,365.0,366.0,365.0,366.0
2018-10-16,366.0,366.0,366.0,366.0
2018-10-17,370.5,370.5,370.0,370.0
2018-10-18,377.0,380.0,377.0,380.0
2018-10-19,365.0,366.5,365.0,366.5
2018-10-22,366.5,366.5,366.5,366.5
2018-10-23,366.5,366.5,366.5,366.5
2018-10-24,366.5,366.5,366.5,366.5
2018-10-25,366.5,366.5,366.5,366.5
2018-10-26,364.0,364.0,363.0,363.0
2018-10-29,363.0,363.0,363.0,363.0
2018-10-30,363.0,363.0,363.0,363.0
2018-10-31,363.0,363.0,363.0,363.0
2018-11-01,357.5,359.0,357.5,359.0
2018-11-02,359.0,359.0,359.0,359.0
2018-11-05,362.5,362.5,360.0,360.0
2018-11-06,360.0,360.0,360.0,360.0
2018-11-07,360.0,360.0,360.0,360.0
2018-11-08,360.0,360.0,360.0,360.0
2018-11-09,360.0,360.0,360.0,360.0
2018-11-12,360.0,360.0,360.0,360.0
2018-11-13,370.0,370.0,370.0,370.0
2018-11-14,370.0,370.0,370.0,370.0
2018-11-15,341.5,350.0,341.5,350.0
2018-11-16,350.0,350.0,350.0,350.0
2018-11-19,347.5,347.5,347.5,347.5
2018-11-20,340.0,340.0,334.0,334.0
2018-11-21,339.0,339.0,336.0,336.0
2018-11-22,336.0,336.0,336.0,336.0
2018-11-23,336.0,336.0,336.0,336.0
2018-11-26,336.5,336.5,336.5,336.5
2018-11-27,345.0,345.0,345.0,345.0
2018-11-28,345.0,345.0,345.0,345.0
2018-11-29,348.5,348.5,343.5,348.5
2018-11-30,348.5,348.5,348.5,348.5
2018-12-03,349.5,349.5,349.5,349.5
2018-12-04,349.5,349.5,349.5,349.5
2018-12-05,341.5,348.0,341.0,341.0
2018-12-06,341.0,341.0,341.0,341.0
2018-12-07,341.0,341.0,336.0,336.0
2018-12-10,332.5,332.5,323.0,323.0
2018-12-11,325.0,325.0,325.0,325.0
2018-12-12,325.5,330.0,325.0,325.0
2018-12-13,325.0,325.0,325.0,325.0
2018-12-14,325.0,325.0,323.0,323.0
2018-12-17,324.5,330.0,321.5,330.0
2018-12-18,320.0,320.0,315.5,315.5
2018-12-19,315.5,315.5,315.5,315.5
2018-12-20,315.5,315.5,315.5,315.5
2018-12-21,300.5,305.5,300.5,305.5
2018-12-24,305.5,305.5,305.5,305.5
2018-12-25,285.5,286.0,270.5,285.5
2018-12-26,285.5,286.0,285.5,286.0
2018-12-27,331.0,336.0,314.0,314.0
2018-12-28,329.0,329.0,305.0,305.5
2018-12-31,305.5,305.5,305.5,305.5
2019-01-04,305.5,305.5,305.5,305.5
2019-01-07,296.0,296.0,296.0,296.0
2019-01-08,325.0,325.0,325.0,325.0
2019-01-09,325.0,325.0,325.0,325.0
2019-01-10,331.0,331.0,330.5,330.5
2019-01-11,330.5,330.5,330.5,330.5
2019-01-15,325.5,325.5,325.5,325.5
2019-01-16,325.5,325.5,325.5,325.5
2019-01-17,345.5,345.5,345.5,345.5
2019-01-18,345.5,345.5,345.5,345.5
2019-01-21,345.5,347.5,345.5,347.5
2019-01-22,354.5,354.5,354.5,354.5
2019-01-23,354.5,354.5,354.5,354.5
2019-01-24,354.5,354.5,354.5,354.5
2019-01-25,354.5,354.5,354.5,354.5
2019-01-28,358.5,358.5,358.5,358.5
2019-01-29,358.5,358.5,358.5,358.5
2019-01-30,365.0,365.0,365.0,365.0
2019-01-31,365.0,365.0,365.0,365.0
2019-02-01,365.0,365.0,365.0,365.0
2019-02-04,365.0,365.0,357.5,357.5
2019-02-05,357.5,357.5,357.5,357.5
2019-02-06,357.5,386.5,348.5,348.5
2019-02-07,333.0,333.0,333.0,333.0
2019-02-08,333.0,333.0,333.0,333.0
2019-02-12,333.0,340.0,331.5,340.0
2019-02-13,321.5,326.5,321.5,324.0
2019-02-14,319.5,330.0,319.5,330.0
2019-02-15,330.0,330.0,330.0,330.0
2019-02-18,330.0,330.0,330.0,330.0
2019-02-19,322.0,322.0,322.0,322.0
2019-02-20,312.0,322.0,312.0,322.0
2019-02-21,322.0,322.0,322.0,322.0
2019-02-22,322.0,322.0,305.0,305.0
2019-02-25,309.5,309.5,309.5,309.5
2019-02-26,309.5,309.5,309.5,309.5
2019-02-27,320.0,320.0,320.0,320.0
2019-02-28,320.0,320.0,320.0,320.0
2019-03-01,315.0,315.0,310.0,310.0
2019-03-04,311.0,312.5,311.0,312.5
2019-03-05,312.5,312.5,312.5,312.5
2019-03-06,312.5,312.5,312.5,312.5
2019-03-07,313.0,313.0,313.0,313.0
2019-03-08,313.0,313.0,313.0,313.0
2019-03-11,313.0,313.0,313.0,313.0
2019-03-12,313.0,313.0,313.0,313.0
2019-03-13,315.5,315.5,313.5,313.5
2019-03-14,311.5,313.5,311.5,313.5
2019-03-15,311.5,313.5,310.0,313.0
2019-03-18,308.0,310.0,308.0,310.0
2019-03-19,306.0,306.5,306.0,306.5
2019-03-20,306.0,306.5,306.0,306.5
2019-03-22,306.5,311.5,306.5,311.5
2019-03-25,305.5,306.5,305.5,306.5
2019-03-26,305.5,306.5,305.5,306.5
2019-03-27,306.5,306.5,306.5,306.5
2019-03-28,318.0,318.0,313.5,313.5
2019-03-29,313.5,313.5,313.5,313.5
2019-04-01,313.5,313.5,313.5,313.5
2019-04-02,332.5,332.5,332.5,332.5
2019-04-03,332.5,332.5,332.5,332.5
2019-04-04,332.5,332.5,332.5,332.5
2019-04-05,318.5,321.5,316.5,316.5
2019-04-08,313.0,325.0,313.0,325.0
2019-04-09,313.0,325.0,313.0,325.0
2019-04-10,315.5,315.5,315.5,315.5
2019-04-11,315.5,315.5,315.5,315.5
2019-04-12,315.5,315.5,313.5,313.5
2019-04-15,317.5,317.5,317.5,317.5
2019-04-16,318.0,318.0,314.0,314.0
2019-04-17,316.0,316.0,314.5,314.5
2019-04-18,334.0,334.0,328.0,328.0
2019-04-19,320.0,320.0,318.0,318.0
2019-04-22,320.5,323.0,320.5,323.0
2019-04-23,325.0,325.0,325.0,325.0
2019-04-24,326.5,338.0,326.5,336.5
2019-04-25,341.5,345.5,335.0,345.0
2019-04-26,350.0,350.0,343.5,348.5
2019-05-07,348.5,348.5,348.5,348.5
2019-05-08,348.5,348.5,331.5,334.0
2019-05-09,339.0,342.5,336.0,337.5
2019-05-10,337.5,337.5,337.5,337.5
2019-05-13,337.5,337.5,337.5,337.5
2019-05-14,337.5,337.5,337.5,337.5
2019-05-15,354.0,357.5,354.0,357.5
2019-05-16,357.5,357.5,355.0,355.0
2019-05-17,355.0,355.0,355.0,355.0
2019-05-20,370.0,377.5,362.5,377.0
2019-05-21,362.0,362.5,350.0,350.0
2019-05-22,350.0,350.0,350.0,350.0
2019-05-23,350.0,350.0,344.0,344.0
2019-05-24,344.0,344.0,344.0,344.0
2019-05-27,342.5,342.5,337.5,337.5
2019-05-28,332.5,332.5,332.5,332.5
2019-05-29,332.5,337.5,332.5,337.5
2019-05-30,338.5,338.5,338.5,338.5
2019-05-31,357.5,366.0,342.5,350.0
2019-06-03,350.0,350.0,339.0,339.0
2019-06-04,335.5,335.5,335.5,335.5
2019-06-05,335.5,335.5,335.5,335.5
2019-06-06,335.5,335.5,335.5,335.5
2019-06-07,336.5,336.5,336.5,336.5
2019-06-10,336.5,350.0,336.5,350.0
2019-06-11,350.0,350.0,350.0,350.0
2019-06-12,347.0,350.0,346.5,350.0
2019-06-13,353.5,364.0,343.0,343.0
2019-06-14,343.0,351.5,342.5,346.5
2019-06-17,346.5,347.5,346.5,347.5
2019-06-18,347.5,347.5,339.5,339.5
2019-06-19,339.5,339.5,339.5,339.5
2019-06-20,339.5,339.5,339.5,339.5
2019-06-21,341.0,341.0,341.0,341.0
2019-06-24,341.0,341.0,341.0,341.0
2019-06-25,341.0,341.0,341.0,341.0
2019-06-26,340.5,340.5,340.5,340.5
2019-06-27,340.5,340.5,340.5,340.5
2019-06-28,353.5,353.5,342.5,342.5
2019-07-01,340.0,340.0,340.0,340.0
2019-07-02,340.0,340.0,340.0,340.0
2019-07-03,335.0,337.0,332.5,332.5
2019-07-04,332.5,332.5,332.5,332.5
2019-07-05,332.0,332.0,332.0,332.0
2019-07-08,332.0,332.0,332.0,332.0
2019-07-09,332.0,332.0,332.0,332.0
2019-07-10,332.0,332.0,332.0,332.0
2019-07-11,337.0,337.0,329.5,329.5
2019-07-12,330.0,340.5,330.0,340.5
2019-07-16,340.5,344.5,340.5,344.5
2019-07-17,344.5,356.5,344.5,353.5
2019-07-18,356.5,356.5,356.5,356.5
2019-07-19,340.0,349.5,340.0,349.5
2019-07-22,349.5,349.5,349.5,349.5
2019-07-23,349.5,349.5,349.5,349.5
2019-07-24,349.5,349.5,349.5,349.5
2019-07-25,349.5,349.5,349.5,349.5
2019-07-26,349.5,349.5,349.5,349.5
2019-07-29,350.0,350.0,342.5,342.5
2019-07-30,342.5,342.5,342.5,342.5
2019-07-31,342.5,342.5,330.0,330.0
2019-08-01,330.0,330.0,330.0,330.0
2019-08-02,330.0,330.0,330.0,330.0
2019-08-05,330.0,330.0,330.0,330.0
2019-08-06,330.0,330.0,330.0,330.0
2019-08-07,330.0,330.0,330.0,330.0
2019-08-08,335.0,335.0,325.0,330.0
2019-08-09,331.5,331.5,331.5,331.5
2019-08-13,331.5,331.5,331.5,331.5
2019-08-14,331.5,331.5,331.5,331.5
2019-08-15,325.0,325.0,325.0,325.0
2019-08-16,330.5,332.0,330.5,332.0
2019-08-19,337.0,337.0,337.0,337.0
2019-08-20,367.0,367.0,363.5,363.5
2019-08-21,338.5,344.5,338.5,344.5
2019-08-22,344.5,344.5,344.5,344.5
2019-08-23,344.5,344.5,344.5,344.5
2019-08-26,344.5,344.5,344.5,344.5
2019-08-27,339.5,339.5,339.5,339.5
2019-08-28,339.5,339.5,339.5,339.5
2019-08-29,350.5,351.0,346.0,348.0
2019-08-30,339.0,345.0,335.5,335.5
2019-09-02,335.5,335.5,335.5,335.5
2019-09-03,339.5,339.5,336.0,338.0
2019-09-04,342.0,342.0,342.0,342.0
2019-09-05,342.0,342.0,342.0,342.0
2019-09-06,342.0,342.0,342.0,342.0
2019-09-09,342.0,342.0,342.0,342.0
2019-09-10,342.0,342.0,342.0,342.0
2019-09-11,342.0,342.0,342.0,342.0
2019-09-12,342.0,342.0,342.0,342.0
2019-09-13,343.0,343.0,343.0,343.0
2019-09-17,350.0,351.5,349.5,349.5
2019-09-18,362.0,362.0,348.5,348.5
2019-09-19,343.5,343.5,343.5,343.5
2019-09-20,343.5,343.5,343.5,343.5
2019-09-24,357.5,357.5,357.5,357.5
2019-09-25,357.5,357.5,357.5,357.5
2019-09-26,358.0,361.5,358.0,361.5
2019-09-27,361.0,361.5,360.0,360.0
2019-09-30,360.5,366.5,345.5,345.5
2019-10-01,345.5,345.5,345.5,345.5
2019-10-02,345.5,345.5,345.5,345.5
2019-10-03,358.0,358.0,343.0,343.5
2019-10-04,343.5,343.5,343.5,343.5
2019-10-07,343.5,343.5,343.5,343.5
2019-10-08,343.5,343.5,343.5,343.5
2019-10-09,343.5,343.5,343.5,343.5
2019-10-10,343.5,343.5,343.5,343.5
2019-10-11,345.0,345.0,345.0,345.0
2019-10-15,350.0,350.0,350.0,350.0
2019-10-16,354.0,354.0,354.0,354.0
2019-10-17,358.5,361.0,358.0,361.0
2019-10-18,360.5,360.5,357.5,358.0
2019-10-21,351.5,351.5,351.5,351.5
2019-10-23,351.5,351.5,351.5,351.5
2019-10-24,355.0,355.0,355.0,355.0
2019-10-25,360.5,360.5,360.5,360.5
2019-10-28,360.5,360.5,360.5,360.5
2019-10-29,361.0,367.5,360.5,367.5
2019-10-30,360.0,361.5,359.0,360.0
2019-10-31,360.0,360.0,360.0,360.0
2019-11-01,352.5,352.5,352.5,352.5
2019-11-05,354.5,354.5,354.5,354.5
2019-11-06,354.5,354.5,354.5,354.5
2019-11-07,354.5,354.5,354.5,354.5
2019-11-08,354.5,354.5,354.5,354.5
2019-11-11,354.5,354.5,354.5,354.5
2019-11-12,354.5,354.5,354.5,354.5
2019-11-13,360.0,360.0,352.5,352.5
2019-11-14,356.0,360.0,356.0,360.0
2019-11-15,356.0,360.0,356.0,360.0
2019-11-18,360.0,360.0,360.0,360.0
2019-11-19,354.5,354.5,354.5,354.5
2019-11-20,359.0,359.5,354.5,354.5
2019-11-21,359.0,359.5,354.5,354.5
2019-11-22,350.5,350.5,340.0,346.5
2019-11-25,351.0,354.5,347.5,349.5
2019-11-26,350.0,350.0,350.0,350.0
2019-11-27,350.0,350.0,350.0,350.0
2019-11-28,354.0,354.0,354.0,354.0
2019-11-29,354.0,354.0,354.0,354.0
2019-12-02,361.5,361.5,341.0,348.0
2019-12-03,347.0,350.0,347.0,350.0
2019-12-04,343.5,343.5,343.5,343.5
2019-12-05,343.5,343.5,343.5,343.5
2019-12-06,330.0,334.0,329.5,331.5
2019-12-09,335.0,335.0,331.5,331.5
2019-12-10,331.5,331.5,330.5,330.5
2019-12-11,331.0,331.5,330.0,331.0
2019-12-12,331.0,331.0,329.5,329.5
2019-12-13,329.5,330.0,329.0,329.0
2019-12-16,329.5,330.0,329.0,329.0
2019-12-17,328.0,330.5,327.5,327.5
2019-12-18,327.5,330.0,327.5,328.5
2019-12-19,328.0,328.0,326.5,327.0
2019-12-20,327.0,328.0,327.0,327.5
2019-12-23,328.5,328.5,327.0,327.5
2019-12-24,329.5,330.5,329.5,330.0
2019-12-25,329.5,330.5,329.5,330.0
2019-12-26,330.0,331.5,330.0,330.5
2019-12-27,330.5,330.5,328.5,330.0
2019-12-30,330.0,330.0,328.0,328.5
2020-01-06,322.5,329.5,322.5,327.0
2020-01-07,324.0,330.0,324.0,328.5
2020-01-08,327.0,327.0,325.0,327.0
2020-01-09,327.0,327.0,325.0,327.0
2020-01-10,329.0,330.5,328.0,329.5
2020-01-14,329.5,329.5,321.5,325.0
2020-01-15,330.0,375.0,325.5,375.0
2020-01-16,397.5,422.0,375.5,395.0
2020-01-17,470.0,470.0,425.5,470.0
2020-01-20,500.0,545.0,478.0,545.0
2020-01-21,612.0,695.0,586.0,695.0
2020-01-22,635.0,710.0,605.0,641.5
2020-01-23,611.5,667.0,581.0,601.0
2020-01-24,660.0,751.0,648.0,751.0
2020-01-27,811.0,951.0,807.5,892.5
2020-01-28,812.5,874.5,750.5,799.5
2020-01-29,750.0,794.5,683.0,745.5
2020-01-30,700.5,728.5,600.0,611.0
2020-01-31,612.5,657.5,600.5,648.5
2020-02-03,603.5,625.0,552.5,589.5
2020-02-04,596.5,739.5,596.0,739.5
2020-02-05,724.5,744.5,650.0,687.5
2020-02-06,657.5,829.0,657.5,723.5
2020-02-07,710.0,715.0,661.0,685.5
2020-02-10,668.0,674.5,644.5,661.5
2020-02-12,657.5,661.5,601.5,622.5
2020-02-13,640.0,666.0,622.5,627.0
2020-02-14,624.0,647.0,585.5,620.0
2020-02-17,605.0,643.5,590.5,637.5
2020-02-18,628.5,659.5,599.5,599.5
2020-02-19,594.5,616.5,575.5,600.0
2020-02-20,615.0,615.0,557.5,578.0
2020-02-21,563.0,567.5,521.5,528.0
2020-02-25,489.0,510.0,480.0,505.5
2020-02-26,505.5,514.0,487.5,498.0
2020-02-27,498.5,499.0,456.5,467.0
2020-02-28,474.5,474.5,416.0,429.0
2020-03-02,433.5,470.0,433.5,462.0
2020-03-03,463.0,492.0,452.0,454.5
2020-03-04,432.0,469.5,432.0,454.0
2020-03-05,447.5,457.5,435.0,435.0
2020-03-06,420.0,435.0,416.5,416.5
2020-03-09,377.5,395.0,345.0,350.0
2020-03-10,323.0,360.5,301.0,351.5
2020-03-11,374.0,374.0,336.5,337.0
2020-03-12,347.0,354.0,313.0,313.0
2020-03-13,323.0,323.0,270.5,275.0
2020-03-16,292.5,297.5,272.5,272.5
2020-03-17,252.5,288.0,249.0,280.0
2020-03-18,290.0,290.0,268.0,268.0
2020-03-19,263.0,269.0,246.5,249.0
2020-03-23,250.0,252.5,238.0,244.0
2020-03-24,245.5,277.0,245.5,265.5
2020-03-25,270.5,300.0,270.0,293.5
2020-03-26,273.5,282.5,265.0,281.5
2020-03-27,280.5,282.5,267.5,273.0
2020-03-30,277.5,292.5,274.5,283.0
2020-03-31,294.5,315.0,290.0,290.0
2020-04-01,280.0,287.5,268.0,270.5
2020-04-02,260.5,268.0,258.0,260.0
2020-04-03,275.0,278.5,245.0,245.5
2020-04-06,243.5,255.0,234.5,253.0
2020-04-07,278.0,278.0,262.5,263.0
2020-04-08,270.5,283.5,264.0,278.5
2020-04-09,273.0,292.5,272.5,292.5
2020-04-10,342.5,342.5,342.5,342.5
2020-04-13,392.0,392.5,383.5,392.5
2020-04-14,347.5,379.5,340.0,365.5
2020-04-15,378.0,412.5,361.0,363.0
2020-04-16,352.5,360.0,338.5,353.5
2020-04-17,364.5,364.5,345.5,347.5
2020-04-20,347.5,361.5,344.0,359.5
2020-04-21,350.0,359.0,339.0,339.5
2020-04-22,340.0,340.0,325.0,325.5
2020-04-23,330.0,337.0,330.0,332.0
2020-04-24,340.5,345.0,319.0,345.0
2020-04-27,345.0,351.5,340.0,342.5
2020-04-28,337.5,347.5,337.5,340.0
2020-04-30,345.0,345.0,338.0,339.5
2020-05-01,327.5,337.0,327.5,329.5
2020-05-07,314.5,320.0,307.0,317.5
2020-05-08,315.5,361.5,310.5,331.0
2020-05-11,325.0,334.5,325.0,329.5
2020-05-12,319.5,328.0,319.0,327.0
2020-05-13,325.0,328.0,322.5,323.0
2020-05-14,328.0,341.0,325.0,332.5
2020-05-15,320.5,322.5,290.0,301.0
2020-05-18,297.5,297.5,284.0,288.0
2020-05-19,294.5,294.5,285.5,287.0
2020-05-20,287.0,293.5,285.5,287.5
2020-05-21,302.5,337.5,298.0,337.5
2020-05-22,387.5,387.5,387.5,387.5
2020-05-25,462.5,462.5,462.5,462.5
2020-05-26,537.5,537.5,537.5,537.5
2020-05-27,700.0,835.0,636.0,650.0
2020-05-28,710.0,800.0,689.0,800.0
2020-05-29,781.5,804.5,663.0,664.0
2020-06-01,639.0,660.5,612.5,612.5
2020-06-02,617.0,762.5,591.0,700.0
2020-06-03,717.5,750.0,647.5,682.0
2020-06-04,667.0,677.5,640.0,665.0
2020-06-05,664.0,664.0,627.5,647.5
2020-06-08,645.0,665.5,630.5,643.0
2020-06-09,738.0,768.0,691.0,708.5
2020-06-10,675.5,694.5,659.5,677.0
2020-06-11,660.5,662.5,640.0,646.5
2020-06-12,575.0,634.0,571.5,602.5
2020-06-15,608.5,615.0,556.5,568.0
2020-06-16,619.0,619.0,583.5,602.5
2020-06-17,614.0,644.0,582.5,628.0
2020-06-18,628.0,643.0,615.0,641.5
2020-06-19,642.0,644.5,630.0,630.0
2020-06-22,625.0,625.5,597.5,612.5
2020-06-23,608.0,615.0,600.5,607.0
2020-06-24,614.0,614.0,596.0,599.5
2020-06-25,599.0,602.0,588.0,598.5
2020-06-26,584.5,596.5,571.0,571.0
2020-06-29,546.0,575.0,533.0,549.0
2020-06-30,575.0,585.0,509.0,521.0
2020-07-01,531.0,535.0,487.0,521.0
2020-07-02,501.0,521.0,465.0,472.0
2020-07-03,504.0,504.0,479.0,492.0
2020-07-06,484.0,501.0,470.0,500.0
2020-07-07,502.0,510.0,480.0,497.0
2020-07-08,505.0,536.0,493.0,521.0
2020-07-09,518.0,530.0,502.0,508.0
2020-07-10,513.0,520.0,498.0,520.0
2020-07-13,540.0,545.0,516.0,524.0
2020-07-14,521.0,521.0,498.0,508.0
2020-07-15,509.0,517.0,504.0,513.0
2020-07-16,511.0,512.0,501.0,503.0
2020-07-17,510.0,603.0,510.0,603.0
2020-07-20,703.0,703.0,703.0,703.0
2020-07-21,688.0,723.0,613.0,619.0
2020-07-22,639.0,719.0,606.0,642.0
2020-07-27,634.0,634.0,576.0,580.0
2020-07-28,574.0,579.0,541.0,541.0
2020-07-29,533.0,541.0,513.0,513.0
2020-07-30,514.0,524.0,511.0,517.0
2020-07-31,515.0,519.0,464.0,472.0
2020-08-03,472.0,523.0,468.0,504.0
2020-08-04,498.0,521.0,498.0,516.0
2020-08-05,513.0,616.0,512.0,616.0
2020-08-06,586.0,650.0,560.0,606.0
2020-08-07,596.0,603.0,586.0,590.0
2020-08-11,590.0,598.0,589.0,589.0
2020-08-12,579.0,590.0,561.0,562.0
2020-08-13,562.0,581.0,558.0,563.0
2020-08-14,554.0,565.0,553.0,555.0
2020-08-17,553.0,642.0,546.0,569.0
2020-08-18,565.0,566.0,548.0,555.0
2020-08-19,563.0,563.0,532.0,552.0
2020-08-20,548.0,555.0,542.0,542.0
2020-08-21,551.0,574.0,540.0,547.0
2020-08-24,547.0,548.0,537.0,540.0
2020-08-25,546.0,553.0,534.0,551.0
2020-08-26,557.0,558.0,534.0,549.0
2020-08-27,558.0,560.0,538.0,538.0
2020-08-28,547.0,550.0,513.0,521.0
2020-08-31,531.0,541.0,527.0,534.0
2020-09-01,534.0,547.0,530.0,547.0
2020-09-02,550.0,552.0,542.0,547.0
2020-09-03,550.0,568.0,526.0,530.0
2020-09-04,520.0,537.0,520.0,528.0
2020-09-07,521.0,539.0,502.0,504.0
2020-09-08,506.0,520.0,498.0,518.0
2020-09-09,514.0,528.0,500.0,528.0
2020-09-10,530.0,531.0,516.0,516.0
2020-09-11,516.0,518.0,508.0,510.0
2020-09-14,516.0,516.0,498.0,507.0
2020-09-15,507.0,511.0,499.0,508.0
2020-09-16,510.0,526.0,510.0,515.0
2020-09-17,511.0,517.0,511.0,515.0
2020-09-18,525.0,528.0,517.0,523.0
2020-09-23,516.0,516.0,504.0,512.0
2020-09-24,507.0,508.0,497.0,498.0
2020-09-25,499.0,511.0,499.0,499.0
2020-09-28,509.0,521.0,495.0,501.0
2020-09-29,504.0,521.0,504.0,515.0
2020-09-30,523.0,524.0,498.0,501.0
2020-10-02,511.0,512.0,492.0,492.0
2020-10-05,499.0,509.0,499.0,509.0
2020-10-06,519.0,519.0,510.0,511.0
2020-10-07,511.0,515.0,508.0,512.0
2020-10-08,514.0,516.0,502.0,508.0
2020-10-09,510.0,511.0,499.0,509.0
2020-10-12,514.0,521.0,512.0,518.0
2020-10-13,521.0,523.0,511.0,518.0
2020-10-14,520.0,536.0,514.0,526.0
2020-10-15,525.0,525.0,515.0,519.0
2020-10-16,520.0,526.0,512.0,515.0
2020-10-19,520.0,523.0,513.0,513.0
2020-10-20,520.0,524.0,511.0,518.0
2020-10-21,513.0,525.0,513.0,525.0
2020-10-22,525.0,526.0,515.0,515.0
2020-10-23,513.0,516.0,507.0,514.0
2020-10-26,520.0,523.0,505.0,505.0
2020-10-27,497.0,509.0,495.0,508.0
2020-10-28,508.0,509.0,499.0,499.0
2020-10-29,493.0,506.0,490.0,506.0
2020-10-30,507.0,507.0,489.0,489.0
2020-11-02,498.0,508.0,491.0,505.0
2020-11-04,505.0,514.0,505.0,511.0
2020-11-05,508.0,516.0,508.0,513.0
2020-11-06,516.0,520.0,511.0,514.0
2020-11-09,514.0,519.0,509.0,515.0
2020-11-10,517.0,520.0,508.0,515.0
2020-11-11,518.0,519.0,495.0,514.0
2020-11-12,517.0,521.0,507.0,521.0
2020-11-13,526.0,529.0,515.0,527.0
2020-11-16,522.0,529.0,520.0,526.0
2020-11-17,526.0,526.0,515.0,518.0
2020-11-18,516.0,522.0,507.0,510.0
2020-11-19,506.0,518.0,502.0,503.0
2020-11-20,503.0,528.0,497.0,512.0
2020-11-24,515.0,527.0,515.0,525.0
2020-11-25,525.0,525.0,518.0,522.0
2020-11-26,515.0,518.0,509.0,510.0
2020-11-27,506.0,540.0,506.0,533.0
2020-11-30,538.0,538.0,521.0,521.0
2020-12-01,531.0,533.0,515.0,518.0
2020-12-02,525.0,614.0,521.0,561.0
2020-12-03,545.0,559.0,537.0,548.0
2020-12-04,550.0,600.0,550.0,600.0
2020-12-07,590.0,670.0,536.0,542.0
2020-12-08,533.0,592.0,533.0,571.0
2020-12-09,581.0,632.0,571.0,629.0
2020-12-10,620.0,715.0,619.0,650.0
2020-12-11,621.0,671.0,607.0,649.0
2020-12-14,629.0,680.0,610.0,610.0
2020-12-15,610.0,611.0,567.0,574.0
2020-12-16,571.0,575.0,548.0,553.0
2020-12-17,553.0,560.0,523.0,533.0
2020-12-18,534.0,557.0,526.0,554.0
2020-12-21,548.0,570.0,537.0,540.0
2020-12-22,590.0,640.0,588.0,640.0
2020-12-23,715.0,740.0,661.0,740.0
2020-12-24,845.0,890.0,791.0,890.0
2020-12-25,980.0,1035.0,847.0,900.0
2020-12-28,914.0,934.0,800.0,844.0
2020-12-29,811.0,989.0,761.0,929.0
2020-12-30,905.0,935.0,850.0,851.0
2021-01-04,806.0,814.0,746.0,798.0
2021-01-05,788.0,827.0,765.0,771.0
2021-01-06,756.0,801.0,755.0,778.0
2021-01-07,783.0,807.0,762.0,782.0
2021-01-08,794.0,823.0,782.0,799.0
2021-01-12,788.0,813.0,773.0,810.0
2021-01-13,806.0,843.0,797.0,808.0
2021-01-14,816.0,828.0,781.0,800.0
2021-01-15,790.0,835.0,781.0,835.0
2021-01-18,826.0,860.0,816.0,849.0
2021-01-19,853.0,907.0,853.0,865.0
2021-01-20,851.0,855.0,817.0,830.0
2021-01-21,823.0,871.0,821.0,870.0
2021-01-22,860.0,889.0,853.0,885.0
2021-01-25,882.0,900.0,861.0,899.0
2021-01-26,904.0,928.0,878.0,911.0
2021-01-27,897.0,899.0,819.0,837.0
2021-01-28,801.0,812.0,748.0,765.0
2021-01-29,766.0,780.0,688.0,707.0
2021-02-01,711.0,732.0,694.0,722.0
2021-02-02,737.0,797.0,723.0,768.0
2021-02-03,762.0,795.0,743.0,752.0
2021-02-04,743.0,765.0,738.0,761.0
2021-02-05,747.0,753.0,738.0,748.0
2021-02-08,745.0,750.0,729.0,733.0
2021-02-09,730.0,738.0,705.0,718.0
2021-02-10,718.0,731.0,698.0,728.0
2021-02-12,716.0,745.0,705.0,722.0
2021-02-15,592.0,658.0,591.0,626.0
2021-02-16,626.0,644.0,613.0,628.0
2021-02-17,622.0,629.0,610.0,611.0
2021-02-18,619.0,627.0,605.0,613.0
2021-02-19,613.0,614.0,590.0,605.0
2021-02-22,599.0,615.0,598.0,604.0
2021-02-24,599.0,603.0,579.0,579.0
2021-02-25,592.0,596.0,579.0,589.0
2021-02-26,587.0,591.0,561.0,572.0
2021-03-01,582.0,593.0,579.0,587.0
2021-03-02,584.0,600.0,572.0,580.0
2021-03-03,585.0,595.0,578.0,578.0
2021-03-04,584.0,593.0,559.0,567.0
2021-03-05,559.0,581.0,540.0,579.0
2021-03-08,584.0,584.0,550.0,557.0
2021-03-09,552.0,564.0,544.0,560.0
2021-03-10,564.0,564.0,550.0,557.0
2021-03-11,562.0,562.0,550.0,551.0
2021-03-12,553.0,620.0,553.0,585.0
2021-03-15,575.0,589.0,568.0,581.0
2021-03-16,576.0,599.0,576.0,583.0
2021-03-17,581.0,592.0,581.0,590.0
2021-03-18,594.0,595.0,583.0,594.0
2021-03-19,587.0,589.0,565.0,565.0
2021-03-22,575.0,578.0,562.0,570.0
2021-03-23,572.0,578.0,564.0,564.0
2021-03-24,559.0,567.0,541.0,544.0
2021-03-25,551.0,570.0,545.0,570.0
2021-03-26,570.0,571.0,559.0,563.0
2021-03-29,570.0,579.0,561.0,563.0
2021-03-30,563.0,572.0,550.0,564.0
2021-03-31,569.0,587.0,559.0,583.0
2021-04-01,582.0,583.0,569.0,578.0
2021-04-02,574.0,584.0,571.0,577.0
2021-04-05,581.0,581.0,571.0,573.0
2021-04-06,578.0,578.0,560.0,560.0
2021-04-07,555.0,586.0,555.0,584.0
2021-04-08,584.0,584.0,562.0,562.0
2021-04-09,559.0,569.0,559.0,569.0
2021-04-12,573.0,573.0,562.0,562.0
2021-04-13,560.0,568.0,559.0,566.0
2021-04-14,573.0,573.0,561.0,563.0
2021-04-15,564.0,564.0,555.0,559.0
2021-04-16,579.0,659.0,571.0,639.0
2021-04-19,602.0,617.0,593.0,597.0
2021-04-20,605.0,653.0,603.0,629.0
2021-04-21,615.0,729.0,612.0,693.0
2021-04-22,673.0,683.0,627.0,634.0
2021-04-23,621.0,624.0,596.0,610.0
2021-04-26,606.0,625.0,585.0,612.0
2021-04-27,614.0,616.0,589.0,592.0
2021-04-28,590.0,599.0,575.0,581.0
2021-04-30,576.0,585.0,565.0,574.0
2021-05-06,584.0,587.0,575.0,582.0
2021-05-07,581.0,594.0,578.0,593.0
2021-05-10,595.0,595.0,581.0,590.0
2021-05-11,590.0,590.0,576.0,579.0
2021-05-12,601.0,618.0,588.0,602.0
2021-05-13,587.0,603.0,587.0,587.0
2021-05-14,590.0,600.0,580.0,589.0
2021-05-17,591.0,596.0,563.0,573.0
2021-05-18,583.0,595.0,583.0,592.0
2021-05-19,592.0,608.0,589.0,604.0
2021-05-20,614.0,617.0,596.0,612.0
2021-05-21,609.0,630.0,607.0,626.0
2021-05-24,625.0,630.0,613.0,619.0
2021-05-25,621.0,630.0,619.0,624.0
2021-05-26,632.0,632.0,615.0,619.0
2021-05-27,617.0,624.0,604.0,624.0
2021-05-28,626.0,635.0,608.0,619.0
2021-05-31,625.0,638.0,619.0,624.0
2021-06-01,617.0,634.0,613.0,627.0
2021-06-02,622.0,625.0,618.0,618.0
2021-06-03,609.0,613.0,600.0,606.0
2021-06-04,596.0,609.0,593.0,599.0
2021-06-07,600.0,605.0,596.0,604.0
2021-06-08,600.0,603.0,598.0,601.0
2021-06-09,595.0,607.0,595.0,603.0
2021-06-10,603.0,603.0,593.0,596.0
2021-06-11,603.0,603.0,590.0,594.0
2021-06-14,592.0,615.0,592.0,611.0
2021-06-15,627.0,627.0,610.0,618.0
2021-06-16,611.0,620.0,609.0,614.0
2021-06-17,613.0,633.0,610.0,633.0
2021-06-18,631.0,631.0,612.0,619.0
2021-06-21,608.0,616.0,604.0,615.0
2021-06-22,613.0,618.0,605.0,605.0
2021-06-23,603.0,612.0,601.0,601.0
2021-06-24,603.0,615.0,598.0,600.0
2021-06-25,592.0,616.0,592.0,606.0
2021-06-28,606.0,614.0,602.0,602.0
2021-06-29,597.0,607.0,597.0,600.0
2021-06-30,594.0,605.0,582.0,586.0
2021-07-01,584.0,594.0,580.0,580.0
2021-07-02,589.0,590.0,579.0,589.0
2021-07-05,591.0,591.0,588.0,589.0
2021-07-06,585.0,586.0,584.0,584.0
2021-07-07,585.0,585.0,579.0,579.0
2021-07-08,577.0,581.0,574.0,579.0
2021-07-09,575.0,578.0,565.0,575.0
2021-07-12,571.0,577.0,571.0,576.0
2021-07-13,576.0,585.0,576.0,580.0
2021-07-14,580.0,586.0,580.0,585.0
2021-07-15,582.0,588.0,581.0,585.0
2021-07-16,580.0,585.0,578.0,579.0
2021-07-19,569.0,575.0,567.0,568.0
2021-07-20,562.0,575.0,562.0,563.0
2021-07-21,560.0,577.0,560.0,565.0
2021-07-26,565.0,584.0,564.0,580.0
2021-07-27,573.0,584.0,568.0,568.0
2021-07-28,568.0,583.0,568.0,571.0
2021-07-29,572.0,581.0,572.0,581.0
2021-07-30,584.0,587.0,582.0,584.0
2021-08-02,584.0,590.0,584.0,587.0
2021-08-03,585.0,592.0,585.0,588.0
2021-08-04,588.0,594.0,578.0,588.0
2021-08-05,582.0,592.0,582.0,584.0
2021-08-06,585.0,594.0,584.0,587.0
2021-08-10,590.0,600.0,590.0,600.0
2021-08-11,597.0,605.0,581.0,603.0
2021-08-12,600.0,630.0,599.0,619.0
2021-08-13,596.0,600.0,581.0,583.0
2021-08-16,583.0,592.0,568.0,585.0
2021-08-17,589.0,592.0,579.0,589.0
2021-08-18,583.0,587.0,573.0,582.0
2021-08-19,577.0,590.0,577.0,577.0
2021-08-20,577.0,581.0,555.0,566.0
2021-08-23,571.0,574.0,571.0,572.0
2021-08-24,566.0,579.0,566.0,569.0
2021-08-25,570.0,584.0,570.0,584.0
2021-08-26,589.0,596.0,584.0,587.0
2021-08-27,587.0,592.0,586.0,587.0
2021-08-30,587.0,590.0,583.0,589.0
2021-08-31,592.0,596.0,584.0,586.0
2021-09-01,587.0,590.0,583.0,588.0
2021-09-02,590.0,590.0,583.0,589.0
2021-09-03,587.0,587.0,579.0,581.0
2021-09-06,580.0,583.0,580.0,581.0
2021-09-07,583.0,583.0,580.0,580.0
2021-09-08,577.0,583.0,577.0,583.0
2021-09-09,582.0,585.0,578.0,585.0
2021-09-10,585.0,586.0,582.0,586.0
2021-09-13,585.0,587.0,579.0,585.0
2021-09-14,584.0,617.0,584.0,608.0
2021-09-15,608.0,608.0,593.0,605.0
2021-09-16,601.0,605.0,592.0,601.0
2021-09-17,596.0,604.0,591.0,597.0
2021-09-21,588.0,597.0,582.0,589.0
2021-09-22,585.0,589.0,581.0,585.0
2021-09-24,585.0,594.0,579.0,580.0
2021-09-27,581.0,593.0,581.0,592.0
2021-09-28,592.0,592.0,584.0,590.0
2021-09-29,593.0,593.0,585.0,592.0
2021-09-30,595.0,595.0,577.0,588.0
2021-10-01,583.0,589.0,577.0,579.0
2021-10-04,578.0,579.0,574.0,576.0
2021-10-05,570.0,575.0,564.0,570.0
2021-10-06,575.0,575.0,568.0,572.0
2021-10-07,569.0,575.0,565.0,568.0
2021-10-08,568.0,578.0,560.0,560.0
2021-10-11,561.0,565.0,555.0,562.0
2021-10-12,562.0,562.0,548.0,552.0
2021-10-13,552.0,552.0,547.0,547.0
2021-10-14,544.0,548.0,540.0,543.0
2021-10-15,539.0,548.0,539.0,546.0
2021-10-18,544.0,550.0,543.0,544.0
2021-10-19,543.0,548.0,542.0,543.0
2021-10-20,543.0,547.0,540.0,540.0
2021-10-21,540.0,542.0,538.0,541.0
2021-10-22,538.0,541.0,538.0,540.0
2021-10-25,550.0,550.0,538.0,542.0
2021-10-26,540.0,540.0,521.0,531.0
2021-10-27,528.0,530.0,523.0,528.0
2021-10-28,528.0,528.0,520.0,520.0
2021-10-29,524.0,528.0,512.0,512.0
2021-11-01,520.0,520.0,498.0,502.0
2021-11-02,500.0,507.0,500.0,500.0
2021-11-04,500.0,512.0,497.0,505.0
2021-11-05,506.0,525.0,503.0,516.0
2021-11-08,516.0,516.0,504.0,506.0
2021-11-09,514.0,514.0,495.0,501.0
2021-11-10,501.0,564.0,500.0,564.0
2021-11-11,528.0,528.0,510.0,517.0
2021-11-12,512.0,524.0,511.0,524.0
2021-11-15,504.0,526.0,502.0,511.0
2021-11-16,511.0,519.0,509.0,515.0
2021-11-17,519.0,519.0,513.0,518.0
2021-11-18,519.0,519.0,510.0,512.0
2021-11-19,511.0,515.0,508.0,514.0
2021-11-22,508.0,511.0,508.0,508.0
2021-11-24,506.0,506.0,500.0,502.0
2021-11-25,501.0,502.0,497.0,502.0
2021-11-26,502.0,502.0,495.0,499.0
2021-11-29,490.0,491.0,480.0,482.0
2021-11-30,500.0,500.0,482.0,485.0
2021-12-01,480.0,480.0,458.0,458.0
2021-12-02,457.0,461.0,454.0,459.0
2021-12-03,459.0,467.0,458.0,465.0
2021-12-06,465.0,465.0,448.0,451.0
2021-12-07,467.0,467.0,453.0,457.0
2021-12-08,460.0,476.0,460.0,469.0
2021-12-09,465.0,466.0,450.0,458.0
2021-12-10,456.0,463.0,455.0,459.0
2021-12-13,471.0,473.0,465.0,471.0
2021-12-14,482.0,551.0,482.0,496.0
2021-12-15,534.0,534.0,501.0,505.0
2021-12-16,500.0,513.0,482.0,495.0
2021-12-17,491.0,495.0,487.0,495.0
2021-12-20,499.0,508.0,484.0,493.0
2021-12-21,492.0,494.0,481.0,482.0
2021-12-22,482.0,491.0,482.0,491.0
2021-12-23,497.0,497.0,485.0,485.0
2021-12-24,481.0,491.0,479.0,482.0
2021-12-27,482.0,484.0,475.0,480.0
2021-12-28,480.0,482.0,464.0,481.0
2021-12-29,481.0,525.0,481.0,501.0
2021-12-30,510.0,510.0,500.0,503.0
2022-01-04,505.0,505.0,500.0,505.0
2022-01-05,504.0,504.0,493.0,495.0
2022-01-06,493.0,502.0,483.0,497.0
2022-01-07,496.0,511.0,496.0,500.0
2022-01-11,497.0,503.0,497.0,503.0
2022-01-12,504.0,511.0,504.0,508.0
2022-01-13,509.0,509.0,500.0,500.0
2022-01-14,499.0,499.0,495.0,499.0
2022-01-17,500.0,504.0,487.0,497.0
2022-01-18,497.0,503.0,484.0,488.0
2022-01-19,486.0,495.0,475.0,495.0
2022-01-20,480.0,486.0,478.0,478.0
2022-01-21,470.0,472.0,468.0,468.0
2022-01-24,468.0,468.0,467.0,468.0
2022-01-25,471.0,471.0,464.0,465.0
2022-01-26,465.0,467.0,460.0,462.0
2022-01-27,460.0,460.0,442.0,442.0
2022-01-28,450.0,457.0,442.0,457.0
2022-01-31,473.0,473.0,459.0,460.0
2022-02-01,467.0,467.0,456.0,456.0
2022-02-02,456.0,461.0,451.0,460.0
2022-02-03,460.0,460.0,450.0,458.0
2022-02-04,458.0,460.0,458.0,460.0
2022-02-07,460.0,460.0,454.0,460.0
2022-02-08,461.0,461.0,455.0,455.0
2022-02-09,458.0,458.0,454.0,454.0
2022-02-10,451.0,460.0,451.0,460.0
2022-02-14,450.0,450.0,443.0,445.0
2022-02-15,469.0,525.0,461.0,515.0
2022-02-16,509.0,529.0,485.0,488.0
2022-02-17,504.0,538.0,489.0,538.0
2022-02-18,526.0,550.0,511.0,531.0
2022-02-21,512.0,529.0,501.0,525.0
2022-02-22,515.0,515.0,492.0,492.0
2022-02-24,484.0,485.0,469.0,469.0
2022-02-25,471.0,487.0,471.0,487.0
2022-02-28,489.0,528.0,469.0,479.0
2022-03-01,486.0,492.0,476.0,483.0
2022-03-02,480.0,483.0,471.0,471.0
2022-03-03,479.0,480.0,468.0,473.0
2022-03-04,472.0,472.0,459.0,472.0
2022-03-07,456.0,466.0,438.0,449.0
2022-03-08,445.0,445.0,405.0,405.0
2022-03-09,428.0,464.0,406.0,416.0
2022-03-10,428.0,482.0,428.0,455.0
2022-03-11,439.0,460.0,434.0,434.0
2022-03-14,427.0,439.0,410.0,430.0
2022-03-15,444.0,444.0,412.0,432.0
2022-03-16,429.0,442.0,424.0,438.0
2022-03-17,437.0,452.0,436.0,448.0
2022-03-18,450.0,450.0,439.0,445.0
2022-03-22,448.0,448.0,438.0,438.0
2022-03-23,444.0,452.0,444.0,450.0
2022-03-24,445.0,452.0,445.0,448.0
2022-03-25,449.0,451.0,443.0,445.0
2022-03-28,448.0,448.0,444.0,444.0
2022-03-29,446.0,450.0,446.0,449.0
2022-03-30,452.0,460.0,452.0,456.0
2022-03-31,456.0,473.0,449.0,470.0
2022-04-01,462.0,481.0,461.0,481.0
2022-04-04,485.0,500.0,480.0,487.0
2022-04-05,487.0,517.0,487.0,497.0
2022-04-06,495.0,495.0,477.0,484.0
2022-04-07,484.0,490.0,466.0,488.0
2022-04-08,481.0,490.0,476.0,490.0
2022-04-11,485.0,490.0,476.0,479.0
2022-04-12,477.0,477.0,470.0,470.0
2022-04-13,470.0,482.0,467.0,477.0
2022-04-14,469.0,477.0,465.0,475.0
2022-04-15,470.0,480.0,465.0,476.0
2022-04-18,472.0,473.0,463.0,473.0
2022-04-19,473.0,475.0,471.0,474.0
2022-04-20,474.0,483.0,474.0,475.0
2022-04-21,481.0,499.0,475.0,494.0
2022-04-22,493.0,497.0,483.0,496.0
2022-04-25,481.0,484.0,479.0,482.0
2022-04-26,483.0,493.0,478.0,486.0
2022-04-27,482.0,503.0,481.0,503.0
2022-04-28,507.0,508.0,489.0,507.0
2022-05-02,506.0,506.0,491.0,501.0
2022-05-06,494.0,494.0,476.0,486.0
2022-05-09,486.0,490.0,480.0,485.0
2022-05-10,484.0,488.0,475.0,483.0
2022-05-11,480.0,492.0,480.0,492.0
2022-05-12,510.0,551.0,460.0,470.0
2022-05-13,454.0,485.0,454.0,471.0
2022-05-16,515.0,530.0,496.0,497.0
2022-05-17,473.0,489.0,469.0,488.0
2022-05-18,480.0,480.0,462.0,473.0
2022-05-19,464.0,479.0,463.0,473.0
2022-05-20,479.0,479.0,464.0,472.0
2022-05-23,466.0,476.0,466.0,476.0
2022-05-24,471.0,475.0,468.0,468.0
2022-05-25,476.0,476.0,465.0,469.0
2022-05-26,470.0,471.0,463.0,469.0
2022-05-27,467.0,469.0,463.0,469.0
2022-05-30,472.0,478.0,472.0,475.0
2022-05-31,481.0,481.0,463.0,470.0
2022-06-01,467.0,476.0,467.0,473.0
2022-06-02,468.0,473.0,465.0,470.0
2022-06-03,470.0,473.0,465.0,470.0
2022-06-06,496.0,505.0,480.0,494.0
2022-06-07,488.0,492.0,480.0,480.0
2022-06-08,486.0,487.0,476.0,485.0
2022-06-09,488.0,492.0,478.0,483.0
2022-06-10,483.0,487.0,476.0,486.0
2022-06-13,476.0,485.0,475.0,485.0
2022-06-14,477.0,480.0,475.0,478.0
2022-06-15,478.0,484.0,475.0,476.0
2022-06-16,476.0,478.0,475.0,478.0
2022-06-17,473.0,482.0,469.0,477.0
2022-06-20,477.0,477.0,468.0,468.0
2022-06-21,466.0,480.0,466.0,473.0
2022-06-22,473.0,478.0,468.0,475.0
2022-06-23,473.0,473.0,473.0,473.0
2022-06-24,468.0,480.0,468.0,480.0
2022-06-27,480.0,488.0,478.0,478.0
2022-06-28,478.0,484.0,478.0,478.0
2022-06-29,478.0,484.0,470.0,484.0
2022-06-30,484.0,484.0,471.0,475.0
2022-07-01,475.0,475.0,470.0,475.0
2022-07-04,488.0,488.0,470.0,474.0
2022-07-05,477.0,477.0,472.0,476.0
2022-07-06,476.0,476.0,459.0,466.0
2022-07-07,466.0,476.0,466.0,466.0
2022-07-08,474.0,474.0,466.0,466.0
2022-07-11,473.0,474.0,457.0,474.0
2022-07-12,472.0,473.0,472.0,473.0
2022-07-13,473.0,485.0,467.0,485.0
2022-07-14,477.0,480.0,473.0,476.0
2022-07-15,481.0,481.0,473.0,474.0
2022-07-19,474.0,475.0,466.0,475.0
2022-07-20,476.0,480.0,473.0,476.0
2022-07-21,472.0,477.0,472.0,473.0
2022-07-22,473.0,477.0,473.0,473.0
2022-07-25,469.0,470.0,469.0,470.0
2022-07-26,473.0,473.0,465.0,467.0
2022-07-27,474.0,484.0,464.0,476.0
2022-07-28,484.0,484.0,476.0,479.0
2022-07-29,483.0,483.0,465.0,473.0
2022-08-01,471.0,478.0,471.0,474.0
2022-08-02,474.0,477.0,471.0,477.0
2022-08-03,477.0,484.0,470.0,477.0
2022-08-04,477.0,480.0,472.0,480.0
2022-08-05,476.0,480.0,476.0,480.0
2022-08-08,481.0,481.0,475.0,475.0
2022-08-09,478.0,488.0,475.0,478.0
2022-08-10,478.0,515.0,466.0,481.0
2022-08-12,485.0,503.0,484.0,485.0
2022-08-15,491.0,491.0,476.0,490.0
2022-08-16,490.0,494.0,483.0,493.0
2022-08-17,493.0,495.0,487.0,495.0
2022-08-18,495.0,495.0,489.0,493.0
2022-08-19,493.0,493.0,485.0,488.0
2022-08-22,491.0,491.0,482.0,485.0
2022-08-23,489.0,489.0,483.0,487.0
2022-08-24,484.0,485.0,481.0,483.0
2022-08-25,483.0,487.0,483.0,487.0
2022-08-26,487.0,491.0,485.0,491.0
2022-08-29,484.0,491.0,484.0,489.0
2022-08-30,487.0,492.0,487.0,489.0
2022-08-31,486.0,489.0,486.0,488.0
2022-09-01,489.0,490.0,485.0,486.0
2022-09-02,485.0,486.0,485.0,486.0
2022-09-05,483.0,491.0,481.0,481.0
2022-09-06,482.0,488.0,482.0,488.0
2022-09-07,488.0,488.0,480.0,482.0
2022-09-08,480.0,488.0,477.0,488.0
2022-09-09,487.0,488.0,481.0,484.0
2022-09-12,491.0,492.0,481.0,489.0
2022-09-13,489.0,503.0,482.0,485.0
2022-09-14,480.0,491.0,480.0,480.0
2022-09-15,480.0,480.0,478.0,478.0
2022-09-16,476.0,487.0,476.0,487.0
2022-09-20,479.0,479.0,477.0,477.0
2022-09-21,475.0,476.0,475.0,476.0
2022-09-22,474.0,480.0,474.0,480.0
2022-09-26,480.0,480.0,472.0,473.0
2022-09-27,474.0,478.0,474.0,478.0
2022-09-28,478.0,478.0,473.0,475.0
2022-09-29,475.0,475.0,472.0,475.0
2022-09-30,475.0,475.0,466.0,471.0
2022-10-03,495.0,529.0,489.0,501.0
2022-10-04,500.0,507.0,480.0,485.0
2022-10-05,492.0,492.0,460.0,470.0
2022-10-06,471.0,479.0,471.0,478.0
2022-10-07,473.0,477.0,470.0,472.0
2022-10-11,472.0,473.0,469.0,473.0
2022-10-12,468.0,479.0,468.0,469.0
2022-10-13,470.0,470.0,466.0,467.0
2022-10-14,470.0,540.0,470.0,497.0
2022-10-17,494.0,518.0,490.0,496.0
2022-10-18,502.0,502.0,489.0,498.0
2022-10-19,497.0,500.0,494.0,498.0
2022-10-20,492.0,500.0,483.0,489.0
2022-10-21,492.0,503.0,492.0,495.0
2022-10-24,499.0,499.0,491.0,491.0
2022-10-25,491.0,492.0,487.0,492.0
2022-10-26,495.0,495.0,490.0,490.0
2022-10-27,490.0,490.0,480.0,480.0
2022-10-28,479.0,479.0,475.0,476.0
2022-10-31,484.0,491.0,476.0,486.0
2022-11-01,488.0,491.0,483.0,489.0
2022-11-02,488.0,491.0,483.0,491.0
2022-11-04,487.0,493.0,487.0,493.0
2022-11-07,494.0,500.0,491.0,492.0
2022-11-08,493.0,493.0,491.0,493.0
2022-11-09,492.0,498.0,490.0,492.0
2022-11-10,489.0,490.0,482.0,490.0
2022-11-11,486.0,496.0,486.0,496.0
2022-11-14,500.0,500.0,490.0,494.0
2022-11-15,496.0,496.0,487.0,495.0
2022-11-16,494.0,498.0,489.0,498.0
2022-11-17,500.0,517.0,500.0,512.0
2022-11-18,509.0,517.0,506.0,514.0
2022-11-21,513.0,515.0,510.0,514.0
2022-11-22,514.0,515.0,511.0,515.0
2022-11-24,517.0,533.0,512.0,532.0
2022-11-25,531.0,544.0,529.0,541.0
2022-11-28,541.0,545.0,531.0,544.0
2022-11-29,544.0,545.0,536.0,544.0
2022-11-30,539.0,543.0,535.0,543.0
2022-12-01,537.0,544.0,530.0,536.0
2022-12-02,536.0,540.0,532.0,535.0
2022-12-05,539.0,539.0,531.0,538.0
2022-12-06,536.0,536.0,533.0,535.0
2022-12-07,537.0,537.0,530.0,536.0
2022-12-08,532.0,539.0,530.0,539.0
2022-12-09,541.0,547.0,539.0,546.0
2022-12-12,541.0,543.0,535.0,538.0
2022-12-13,538.0,538.0,517.0,517.0
2022-12-14,516.0,524.0,513.0,513.0
2022-12-15,512.0,516.0,507.0,516.0
2022-12-16,509.0,530.0,509.0,513.0
2022-12-19,515.0,525.0,512.0,525.0
2022-12-20,521.0,521.0,475.0,487.0
2022-12-21,483.0,491.0,483.0,491.0
2022-12-22,494.0,494.0,481.0,482.0
2022-12-23,489.0,489.0,482.0,489.0
2022-12-26,485.0,485.0,483.0,484.0
2022-12-27,486.0,487.0,482.0,482.0
2022-12-28,482.0,483.0,465.0,483.0
2022-12-29,478.0,484.0,471.0,482.0
2022-12-30,483.0,485.0,476.0,479.0
2023-01-04,479.0,479.0,475.0,475.0
2023-01-05,475.0,480.0,475.0,479.0
2023-01-06,477.0,492.0,477.0,480.0
2023-01-10,482.0,492.0,482.0,492.0
2023-01-11,486.0,493.0,483.0,487.0
2023-01-12,493.0,493.0,487.0,488.0
2023-01-13,482.0,489.0,482.0,489.0
2023-01-16,483.0,494.0,483.0,489.0
2023-01-17,489.0,494.0,489.0,490.0
2023-01-18,490.0,490.0,488.0,488.0
2023-01-19,488.0,495.0,486.0,495.0
2023-01-20,495.0,497.0,494.0,497.0
2023-01-23,498.0,503.0,496.0,499.0
2023-01-24,503.0,504.0,497.0,500.0
2023-01-25,500.0,508.0,500.0,505.0
2023-01-26,509.0,509.0,502.0,509.0
2023-01-27,510.0,513.0,504.0,506.0
2023-01-30,503.0,510.0,496.0,510.0
2023-01-31,509.0,509.0,502.0,504.0
2023-02-01,508.0,514.0,506.0,508.0
2023-02-02,512.0,512.0,509.0,510.0
2023-02-03,506.0,512.0,505.0,512.0
2023-02-06,512.0,513.0,511.0,513.0
2023-02-07,515.0,526.0,515.0,526.0
2023-02-08,524.0,524.0,515.0,518.0
2023-02-09,521.0,526.0,519.0,526.0
2023-02-10,525.0,531.0,524.0,531.0
2023-02-13,535.0,535.0,513.0,526.0
2023-02-14,540.0,543.0,531.0,540.0
2023-02-15,518.0,543.0,516.0,537.0
2023-02-16,534.0,534.0,526.0,529.0
2023-02-17,525.0,525.0,500.0,520.0
2023-02-20,520.0,522.0,518.0,522.0
2023-02-21,522.0,530.0,518.0,524.0
2023-02-22,524.0,527.0,516.0,527.0
2023-02-24,522.0,528.0,520.0,524.0
2023-02-27,517.0,533.0,514.0,528.0
2023-02-28,526.0,544.0,523.0,529.0
2023-03-01,529.0,529.0,520.0,529.0
2023-03-02,529.0,539.0,525.0,534.0
2023-03-03,534.0,536.0,527.0,534.0
2023-03-06,537.0,539.0,535.0,537.0
2023-03-07,534.0,540.0,530.0,533.0
2023-03-08,527.0,540.0,527.0,529.0
2023-03-09,529.0,550.0,529.0,538.0
2023-03-10,535.0,538.0,523.0,532.0
2023-03-13,514.0,528.0,512.0,518.0
2023-03-14,490.0,512.0,488.0,494.0
2023-03-15,509.0,515.0,501.0,514.0
2023-03-16,496.0,508.0,494.0,502.0
2023-03-17,512.0,514.0,508.0,510.0
2023-03-20,513.0,519.0,513.0,519.0
2023-03-22,502.0,510.0,491.0,506.0
2023-03-23,506.0,510.0,499.0,500.0
2023-03-24,508.0,508.0,501.0,501.0
2023-03-27,505.0,509.0,505.0,506.0
2023-03-28,505.0,528.0,505.0,515.0
2023-03-29,512.0,515.0,506.0,515.0
2023-03-30,515.0,523.0,513.0,523.0
2023-03-31,528.0,528.0,515.0,515.0
2023-04-03,529.0,541.0,519.0,539.0
2023-04-04,540.0,540.0,516.0,535.0
2023-04-05,533.0,535.0,530.0,530.0
2023-04-06,520.0,530.0,515.0,530.0
2023-04-07,520.0,535.0,512.0,526.0
2023-04-10,538.0,626.0,534.0,626.0
2023-04-11,666.0,726.0,620.0,726.0
2023-04-12,756.0,810.0,663.0,675.0
2023-04-13,695.0,743.0,623.0,623.0
2023-04-14,632.0,646.0,608.0,614.0
2023-04-17,644.0,669.0,605.0,624.0
2023-04-18,617.0,620.0,597.0,605.0
2023-04-19,604.0,627.0,600.0,611.0
2023-04-20,611.0,640.0,611.0,617.0
2023-04-21,627.0,631.0,598.0,600.0
2023-04-24,595.0,630.0,585.0,624.0
2023-04-25,630.0,648.0,624.0,631.0
2023-04-26,611.0,649.0,605.0,621.0
2023-04-27,614.0,619.0,601.0,608.0
2023-04-28,612.0,621.0,601.0,617.0
2023-05-01,632.0,638.0,616.0,618.0
2023-05-02,618.0,650.0,605.0,650.0
2023-05-08,642.0,663.0,641.0,644.0
2023-05-09,649.0,650.0,631.0,650.0
2023-05-10,646.0,650.0,637.0,643.0
2023-05-11,643.0,652.0,628.0,637.0
2023-05-12,637.0,640.0,627.0,628.0
2023-05-15,578.0,590.0,554.0,580.0
2023-05-16,576.0,590.0,560.0,570.0
2023-05-17,566.0,580.0,565.0,565.0
2023-05-18,575.0,577.0,560.0,573.0
2023-05-19,569.0,569.0,564.0,569.0
2023-05-22,567.0,571.0,566.0,567.0
2023-05-23,563.0,566.0,560.0,563.0
2023-05-24,556.0,566.0,556.0,560.0
2023-05-25,564.0,569.0,555.0,557.0
2023-05-26,556.0,561.0,554.0,554.0
2023-05-29,556.0,560.0,555.0,559.0
2023-05-30,559.0,564.0,556.0,564.0
2023-05-31,560.0,573.0,560.0,573.0
2023-06-01,573.0,575.0,566.0,575.0
2023-06-02,575.0,575.0,555.0,574.0
2023-06-05,574.0,574.0,566.0,568.0
2023-06-06,566.0,568.0,555.0,567.0
2023-06-07,564.0,565.0,532.0,550.0
2023-06-08,551.0,551.0,534.0,538.0
2023-06-09,542.0,547.0,538.0,544.0
2023-06-12,542.0,547.0,537.0,537.0
2023-06-13,560.0,637.0,555.0,637.0
2023-06-14,597.0,615.0,574.0,592.0
2023-06-15,593.0,593.0,572.0,573.0
2023-06-16,592.0,596.0,581.0,581.0
2023-06-19,590.0,609.0,572.0,601.0
2023-06-20,615.0,615.0,593.0,602.0
2023-06-21,607.0,607.0,595.0,595.0
2023-06-22,595.0,602.0,591.0,599.0
2023-06-23,599.0,599.0,580.0,584.0
2023-06-26,585.0,586.0,577.0,583.0
2023-06-27,588.0,588.0,579.0,583.0
2023-06-28,586.0,586.0,580.0,582.0
2023-06-29,589.0,589.0,577.0,583.0
2023-06-30,586.0,588.0,578.0,584.0
2023-07-03,584.0,590.0,580.0,580.0
2023-07-04,581.0,584.0,578.0,581.0
2023-07-05,581.0,582.0,575.0,581.0
2023-07-06,580.0,588.0,578.0,587.0
2023-07-07,587.0,587.0,580.0,580.0
2023-07-10,581.0,583.0,571.0,574.0
2023-07-11,572.0,583.0,571.0,572.0
2023-07-12,575.0,583.0,573.0,579.0
2023-07-13,580.0,592.0,580.0,585.0
2023-07-14,588.0,589.0,581.0,582.0
2023-07-18,578.0,585.0,578.0,578.0
2023-07-19,587.0,587.0,583.0,584.0
2023-07-20,580.0,587.0,580.0,585.0
2023-07-21,585.0,587.0,578.0,579.0
2023-07-24,580.0,582.0,579.0,579.0
2023-07-25,580.0,586.0,580.0,584.0
2023-07-26,581.0,581.0,573.0,580.0
2023-07-27,575.0,582.0,575.0,577.0
2023-07-28,576.0,577.0,573.0,577.0
2023-07-31,577.0,585.0,572.0,580.0
2023-08-01,578.0,586.0,578.0,578.0
2023-08-02,575.0,584.0,575.0,580.0
2023-08-03,580.0,582.0,571.0,574.0
2023-08-04,573.0,582.0,572.0,580.0
2023-08-07,580.0,587.0,574.0,587.0
2023-08-08,583.0,583.0,576.0,577.0
2023-08-09,577.0,582.0,574.0,577.0
2023-08-10,573.0,583.0,573.0,576.0
2023-08-14,573.0,573.0,543.0,557.0
2023-08-15,557.0,557.0,527.0,541.0
2023-08-16,540.0,540.0,525.0,532.0
2023-08-17,530.0,530.0,503.0,513.0
2023-08-18,513.0,515.0,504.0,504.0
2023-08-21,502.0,513.0,502.0,513.0
2023-08-22,510.0,521.0,510.0,518.0
2023-08-23,518.0,520.0,517.0,519.0
2023-08-24,522.0,522.0,519.0,522.0
2023-08-25,518.0,522.0,514.0,519.0
2023-08-28,519.0,522.0,519.0,522.0
2023-08-29,612.0,622.0,546.0,559.0
2023-08-30,555.0,558.0,536.0,544.0
2023-08-31,538.0,552.0,525.0,532.0
2023-09-01,526.0,545.0,526.0,534.0
2023-09-04,532.0,541.0,527.0,539.0
2023-09-05,536.0,543.0,533.0,537.0
2023-09-06,539.0,550.0,535.0,545.0
2023-09-07,541.0,555.0,541.0,544.0
2023-09-08,574.0,576.0,548.0,550.0
2023-09-11,566.0,568.0,553.0,553.0
2023-09-12,551.0,562.0,551.0,561.0
2023-09-13,554.0,561.0,554.0,556.0
2023-09-14,554.0,554.0,545.0,545.0
2023-09-15,548.0,550.0,543.0,550.0
2023-09-19,545.0,553.0,544.0,544.0
2023-09-20,548.0,549.0,541.0,547.0
2023-09-21,542.0,546.0,538.0,538.0
2023-09-22,538.0,538.0,530.0,537.0
2023-09-25,536.0,542.0,536.0,542.0
2023-09-26,543.0,548.0,543.0,545.0
2023-09-27,546.0,550.0,541.0,545.0
2023-09-28,546.0,552.0,543.0,551.0
2023-09-29,553.0,553.0,545.0,547.0
2023-10-02,547.0,550.0,535.0,545.0
2023-10-03,544.0,544.0,533.0,533.0
2023-10-04,531.0,534.0,522.0,525.0
2023-10-05,518.0,528.0,518.0,526.0
2023-10-06,526.0,527.0,521.0,526.0
2023-10-10,526.0,528.0,518.0,526.0
2023-10-11,522.0,522.0,519.0,519.0
2023-10-12,510.0,519.0,508.0,509.0
2023-10-13,506.0,514.0,506.0,508.0
2023-10-16,506.0,516.0,501.0,516.0
2023-10-17,507.0,517.0,504.0,517.0
2023-10-18,516.0,516.0,506.0,510.0
2023-10-19,502.0,508.0,501.0,508.0
2023-10-20,501.0,509.0,498.0,509.0
2023-10-23,504.0,511.0,502.0,505.0
2023-10-24,506.0,509.0,494.0,501.0
2023-10-25,491.0,501.0,491.0,496.0
2023-10-26,500.0,502.0,492.0,497.0
2023-10-27,490.0,504.0,489.0,495.0
2023-10-30,489.0,498.0,489.0,491.0
2023-10-31,500.0,500.0,484.0,487.0
2023-11-01,490.0,511.0,490.0,505.0
2023-11-02,505.0,505.0,495.0,497.0
2023-11-06,495.0,503.0,495.0,499.0
2023-11-07,499.0,503.0,499.0,501.0
2023-11-08,499.0,500.0,497.0,497.0
2023-11-09,495.0,502.0,495.0,498.0
2023-11-10,498.0,500.0,495.0,500.0
2023-11-13,498.0,502.0,497.0,500.0
2023-11-14,495.0,499.0,488.0,489.0
2023-11-15,488.0,488.0,477.0,477.0
2023-11-16,511.0,538.0,489.0,500.0
2023-11-17,497.0,497.0,483.0,491.0
2023-11-20,484.0,494.0,484.0,488.0
2023-11-21,489.0,489.0,483.0,483.0
2023-11-22,484.0,491.0,484.0,485.0
2023-11-24,485.0,490.0,483.0,485.0
2023-11-27,486.0,492.0,484.0,485.0
2023-11-28,486.0,488.0,482.0,484.0
2023-11-29,485.0,486.0,483.0,484.0
2023-11-30,484.0,484.0,475.0,478.0
2023-12-01,480.0,481.0,477.0,481.0
2023-12-04,481.0,481.0,476.0,477.0
2023-12-05,477.0,480.0,475.0,480.0
2023-12-06,480.0,482.0,480.0,481.0
2023-12-07,478.0,490.0,478.0,487.0
2023-12-08,482.0,485.0,475.0,475.0
2023-12-11,481.0,482.0,477.0,480.0
2023-12-12,480.0,481.0,477.0,477.0
2023-12-13,476.0,477.0,472.0,475.0
2023-12-14,467.0,470.0,453.0,456.0
2023-12-15,457.0,457.0,433.0,449.0
2023-12-18,455.0,455.0,444.0,454.0
2023-12-19,454.0,458.0,447.0,458.0
2023-12-20,454.0,458.0,451.0,452.0
2023-12-21,450.0,452.0,446.0,446.0
2023-12-22,446.0,450.0,446.0,447.0
2023-12-25,443.0,498.0,433.0,436.0
2023-12-26,444.0,486.0,441.0,479.0
2023-12-27,472.0,484.0,462.0,480.0
2023-12-28,482.0,504.0,468.0,476.0
2023-12-29,479.0,480.0,470.0,471.0
2024-01-04,474.0,484.0,473.0,478.0
2024-01-05,480.0,494.0,470.0,474.0
2024-01-09,471.0,481.0,470.0,478.0
2024-01-10,486.0,498.0,479.0,492.0
2024-01-11,492.0,521.0,488.0,513.0
2024-01-12,513.0,532.0,510.0,527.0
2024-01-15,527.0,533.0,526.0,531.0
2024-01-16,529.0,569.0,525.0,548.0
2024-01-17,554.0,622.0,549.0,582.0
2024-01-18,572.0,578.0,549.0,552.0
2024-01-19,552.0,563.0,532.0,554.0
2024-01-22,562.0,567.0,544.0,565.0
2024-01-23,563.0,563.0,539.0,539.0
2024-01-24,539.0,545.0,529.0,530.0
2024-01-25,537.0,551.0,529.0,551.0
2024-01-26,545.0,545.0,531.0,537.0
2024-01-29,540.0,558.0,534.0,552.0
2024-01-30,550.0,550.0,538.0,539.0
2024-01-31,540.0,545.0,540.0,542.0
2024-02-01,532.0,537.0,492.0,508.0
2024-02-02,508.0,519.0,498.0,514.0
2024-02-05,520.0,533.0,506.0,520.0
2024-02-06,522.0,530.0,507.0,515.0
2024-02-07,509.0,511.0,500.0,507.0
2024-02-08,512.0,514.0,508.0,514.0
2024-02-09,511.0,535.0,510.0,535.0
2024-02-13,525.0,525.0,513.0,519.0
2024-02-14,512.0,515.0,503.0,510.0
2024-02-15,511.0,517.0,462.0,462.0
2024-02-16,478.0,484.0,464.0,471.0
2024-02-19,487.0,495.0,461.0,468.0
2024-02-20,475.0,494.0,469.0,489.0
2024-02-21,497.0,511.0,493.0,506.0
2024-02-22,506.0,512.0,492.0,512.0
2024-02-26,512.0,544.0,511.0,541.0
2024-02-27,543.0,625.0,541.0,592.0
2024-02-28,612.0,690.0,592.0,661.0
2024-02-29,649.0,680.0,628.0,660.0
2024-03-01,600.0,609.0,560.0,562.0
2024-03-04,562.0,585.0,541.0,560.0
2024-03-05,555.0,575.0,553.0,569.0
2024-03-06,559.0,574.0,558.0,571.0
2024-03-07,570.0,580.0,543.0,545.0
2024-03-08,542.0,552.0,542.0,542.0
2024-03-11,539.0,539.0,510.0,517.0
2024-03-12,507.0,533.0,507.0,532.0
2024-03-13,540.0,540.0,524.0,526.0
2024-03-14,541.0,580.0,529.0,570.0
2024-03-15,565.0,595.0,559.0,586.0
2024-03-18,587.0,609.0,582.0,594.0
2024-03-19,614.0,634.0,597.0,607.0
2024-03-21,608.0,660.0,594.0,619.0
2024-03-22,624.0,628.0,594.0,614.0
2024-03-25,654.0,666.0,634.0,638.0
2024-03-26,635.0,661.0,630.0,647.0
2024-03-27,643.0,643.0,625.0,635.0
2024-03-28,638.0,640.0,612.0,621.0
2024-03-29,620.0,633.0,619.0,626.0
2024-04-01,628.0,633.0,610.0,610.0
2024-04-02,608.0,619.0,599.0,603.0
2024-04-03,599.0,633.0,599.0,619.0
2024-04-04,636.0,636.0,621.0,628.0
2024-04-05,619.0,619.0,587.0,596.0
2024-04-08,606.0,608.0,595.0,597.0
2024-04-09,600.0,608.0,598.0,600.0
2024-04-10,608.0,625.0,605.0,614.0
2024-04-11,605.0,617.0,604.0,604.0
2024-04-12,611.0,611.0,595.0,597.0
2024-04-15,590.0,596.0,583.0,591.0
2024-04-16,591.0,594.0,562.0,576.0
2024-04-17,572.0,577.0,561.0,561.0
2024-04-18,564.0,573.0,558.0,565.0
2024-04-19,562.0,562.0,532.0,539.0
2024-04-22,536.0,561.0,536.0,555.0
2024-04-23,556.0,565.0,550.0,562.0
2024-04-24,564.0,573.0,558.0,561.0
2024-04-25,561.0,562.0,540.0,554.0
2024-04-26,552.0,563.0,545.0,561.0
2024-04-30,574.0,576.0,563.0,576.0
2024-05-01,578.0,580.0,572.0,572.0
2024-05-02,575.0,589.0,570.0,570.0
2024-05-07,573.0,573.0,561.0,567.0
2024-05-08,568.0,573.0,561.0,572.0
2024-05-09,572.0,572.0,558.0,559.0
2024-05-10,557.0,557.0,533.0,542.0
2024-05-13,538.0,550.0,536.0,539.0
2024-05-14,538.0,551.0,521.0,544.0
2024-05-15,547.0,552.0,535.0,537.0
2024-05-16,577.0,601.0,561.0,580.0
2024-05-17,585.0,610.0,583.0,610.0
2024-05-20,600.0,612.0,598.0,600.0
2024-05-21,601.0,606.0,597.0,597.0
2024-05-22,600.0,600.0,587.0,589.0
2024-05-23,583.0,598.0,582.0,590.0
2024-05-24,590.0,601.0,586.0,594.0
2024-05-27,599.0,604.0,594.0,604.0
2024-05-28,609.0,609.0,598.0,604.0
2024-05-29,603.0,625.0,603.0,619.0
2024-05-30,620.0,620.0,600.0,608.0
2024-05-31,614.0,622.0,605.0,611.0
2024-06-03,640.0,659.0,634.0,641.0
2024-06-04,631.0,650.0,625.0,640.0
2024-06-05,640.0,646.0,631.0,637.0
2024-06-06,640.0,640.0,617.0,625.0
2024-06-07,627.0,640.0,622.0,637.0
2024-06-10,636.0,641.0,631.0,631.0
2024-06-11,636.0,638.0,630.0,634.0
2024-06-12,630.0,685.0,630.0,680.0
2024-06-13,680.0,687.0,641.0,647.0
2024-06-14,640.0,653.0,639.0,645.0
2024-06-17,647.0,693.0,646.0,677.0
2024-06-18,680.0,687.0,652.0,671.0
2024-06-19,669.0,680.0,657.0,665.0
2024-06-20,656.0,659.0,637.0,645.0
2024-06-21,645.0,648.0,629.0,632.0
2024-06-24,631.0,631.0,613.0,624.0
2024-06-25,622.0,626.0,618.0,621.0
2024-06-26,623.0,625.0,616.0,624.0
2024-06-27,621.0,633.0,619.0,630.0
2024-06-28,632.0,634.0,617.0,631.0
2024-07-01,631.0,633.0,619.0,628.0
2024-07-02,624.0,627.0,621.0,623.0
2024-07-03,624.0,642.0,622.0,639.0
2024-07-04,643.0,656.0,633.0,633.0
2024-07-05,631.0,639.0,625.0,627.0
2024-07-08,626.0,650.0,626.0,644.0
2024-07-09,650.0,650.0,636.0,647.0
2024-07-10,648.0,649.0,641.0,645.0
2024-07-11,644.0,654.0,643.0,646.0
2024-07-12,647.0,655.0,641.0,642.0
2024-07-16,638.0,642.0,622.0,624.0
2024-07-17,627.0,638.0,626.0,628.0
2024-07-18,628.0,628.0,605.0,608.0
2024-07-19,605.0,610.0,600.0,606.0
2024-07-22,601.0,603.0,593.0,598.0
2024-07-23,599.0,614.0,599.0,613.0
2024-07-24,611.0,613.0,606.0,610.0
2024-07-25,607.0,609.0,595.0,598.0
2024-07-26,598.0,602.0,587.0,593.0
2024-07-29,592.0,592.0,581.0,588.0
2024-07-30,589.0,597.0,582.0,596.0
2024-07-31,596.0,596.0,582.0,591.0
2024-08-01,587.0,587.0,553.0,566.0
2024-08-02,530.0,552.0,530.0,535.0
2024-08-05,527.0,531.0,450.0,456.0
2024-08-06,457.0,488.0,457.0,481.0
2024-08-07,473.0,528.0,473.0,510.0
2024-08-08,511.0,515.0,503.0,507.0
2024-08-09,517.0,517.0,502.0,509.0
2024-08-13,518.0,549.0,517.0,547.0
2024-08-14,527.0,536.0,517.0,531.0
2024-08-15,526.0,530.0,509.0,522.0
2024-08-16,529.0,532.0,523.0,527.0
2024-08-19,527.0,528.0,517.0,521.0
2024-08-20,527.0,529.0,524.0,528.0
2024-08-21,528.0,529.0,524.0,525.0
2024-08-22,525.0,528.0,524.0,526.0
2024-08-23,526.0,529.0,526.0,527.0
2024-08-26,527.0,528.0,524.0,528.0
2024-08-27,528.0,534.0,526.0,534.0
2024-08-28,532.0,532.0,523.0,525.0
2024-08-29,525.0,531.0,523.0,527.0
2024-08-30,525.0,530.0,523.0,529.0
2024-09-02,532.0,532.0,523.0,524.0
2024-09-03,525.0,527.0,519.0,523.0
2024-09-04,518.0,518.0,486.0,486.0
2024-09-05,489.0,501.0,483.0,495.0
2024-09-06,497.0,498.0,487.0,490.0
2024-09-09,482.0,488.0,479.0,488.0
2024-09-10,488.0,494.0,486.0,489.0
2024-09-11,484.0,489.0,457.0,470.0
2024-09-12,472.0,481.0,472.0,478.0
2024-09-13,481.0,482.0,471.0,477.0
2024-09-17,478.0,484.0,478.0,480.0
2024-09-18,485.0,485.0,481.0,481.0
2024-09-19,485.0,514.0,482.0,514.0
2024-09-20,515.0,544.0,514.0,525.0
2024-09-24,525.0,557.0,525.0,529.0
2024-09-25,527.0,537.0,525.0,526.0
2024-09-26,528.0,540.0,526.0,526.0
2024-09-27,525.0,538.0,525.0,534.0
2024-09-30,529.0,532.0,524.0,532.0
2024-10-01,537.0,538.0,532.0,532.0
2024-10-02,533.0,533.0,523.0,525.0
2024-10-03,526.0,530.0,526.0,529.0
2024-10-04,529.0,533.0,523.0,523.0
2024-10-07,530.0,530.0,523.0,524.0
2024-10-08,524.0,527.0,521.0,525.0
2024-10-09,527.0,530.0,520.0,527.0
2024-10-10,527.0,527.0,520.0,525.0
2024-10-11,521.0,525.0,520.0,522.0
2024-10-15,524.0,525.0,522.0,525.0
2024-10-16,525.0,526.0,518.0,523.0
2024-10-17,524.0,528.0,521.0,526.0
2024-10-18,526.0,537.0,522.0,527.0
2024-10-21,528.0,529.0,525.0,529.0
2024-10-22,528.0,528.0,523.0,524.0
2024-10-23,526.0,527.0,522.0,524.0
2024-10-24,521.0,527.0,520.0,521.0
2024-10-25,519.0,521.0,505.0,505.0
2024-10-28,510.0,511.0,504.0,510.0
2024-10-29,512.0,513.0,510.0,511.0
2024-10-30,505.0,509.0,502.0,507.0
2024-10-31,512.0,512.0,500.0,507.0
2024-11-01,501.0,505.0,498.0,499.0
2024-11-05,506.0,508.0,499.0,503.0
2024-11-06,500.0,510.0,497.0,500.0
2024-11-07,504.0,510.0,498.0,507.0
2024-11-08,508.0,510.0,500.0,510.0
2024-11-11,510.0,512.0,506.0,512.0
2024-11-12,516.0,523.0,510.0,523.0
2024-11-13,525.0,531.0,487.0,505.0
2024-11-14,505.0,509.0,493.0,508.0
2024-11-15,502.0,527.0,496.0,499.0
2024-11-18,495.0,498.0,493.0,498.0
2024-11-19,499.0,499.0,490.0,492.0
2024-11-20,492.0,492.0,482.0,483.0
2024-11-21,484.0,486.0,480.0,482.0
2024-11-22,484.0,492.0,482.0,487.0
2024-11-25,488.0,494.0,485.0,488.0
2024-11-26,491.0,491.0,480.0,480.0
2024-11-27,480.0,482.0,478.0,478.0
2024-11-28,477.0,480.0,475.0,480.0
2024-11-29,484.0,488.0,480.0,485.0
2024-12-02,487.0,488.0,480.0,482.0
2024-12-03,483.0,485.0,479.0,482.0
2024-12-04,478.0,481.0,478.0,478.0
2024-12-05,475.0,480.0,472.0,472.0
2024-12-06,472.0,474.0,470.0,473.0
2024-12-09,474.0,484.0,472.0,484.0
2024-12-10,482.0,485.0,476.0,477.0
2024-12-11,477.0,479.0,474.0,477.0
2024-12-12,475.0,478.0,471.0,472.0
2024-12-13,472.0,474.0,469.0,472.0
2024-12-16,472.0,473.0,471.0,473.0
2024-12-17,474.0,474.0,471.0,472.0
2024-12-18,471.0,473.0,470.0,471.0
2024-12-19,469.0,469.0,466.0,468.0
2024-12-20,466.0,470.0,465.0,466.0
2024-12-23,458.0,460.0,456.0,457.0
2024-12-24,457.0,457.0,452.0,454.0
2024-12-25,455.0,456.0,450.0,451.0
2024-12-26,451.0,455.0,446.0,451.0
2024-12-27,447.0,453.0,447.0,453.0
2024-12-30,451.0,460.0,447.0,451.0
2025-01-06,451.0,459.0,445.0,448.0
2025-01-07,453.0,460.0,447.0,455.0
2025-01-08,453.0,487.0,451.0,469.0
2025-01-09,477.0,484.0,461.0,461.0
2025-01-10,461.0,463.0,452.0,454.0
2025-01-14,457.0,458.0,453.0,455.0
2025-01-15,456.0,464.0,455.0,459.0
2025-01-16,459.0,461.0,454.0,457.0
2025-01-17,455.0,462.0,455.0,462.0
2025-01-20,462.0,465.0,460.0,463.0
2025-01-21,463.0,465.0,459.0,459.0
2025-01-22,459.0,467.0,457.0,463.0
2025-01-23,462.0,463.0,457.0,459.0
2025-01-24,458.0,462.0,458.0,459.0
2025-01-27,463.0,463.0,459.0,461.0
2025-01-28,459.0,460.0,459.0,459.0
2025-01-29,461.0,461.0,459.0,461.0
2025-01-30,460.0,461.0,457.0,460.0
2025-01-31,460.0,460.0,457.0,460.0
2025-02-03,462.0,463.0,457.0,459.0
2025-02-04,459.0,466.0,459.0,466.0
2025-02-05,468.0,475.0,465.0,466.0
2025-02-06,475.0,485.0,467.0,476.0
2025-02-07,473.0,474.0,468.0,470.0
2025-02-10,470.0,474.0,467.0,472.0
2025-02-12,474.0,479.0,467.0,478.0
2025-02-13,477.0,490.0,474.0,483.0
2025-02-14,485.0,517.0,481.0,500.0
2025-02-17,499.0,499.0,479.0,481.0
2025-02-18,481.0,483.0,477.0,479.0
2025-02-19,479.0,485.0,479.0,485.0
2025-02-20,491.0,492.0,484.0,491.0
2025-02-21,491.0,497.0,485.0,487.0
2025-02-25,483.0,500.0,480.0,493.0
2025-02-26,490.0,490.0,473.0,486.0
2025-02-27,486.0,491.0,478.0,491.0
2025-02-28,489.0,489.0,471.0,476.0
2025-03-03,476.0,476.0,466.0,472.0
2025-03-04,474.0,474.0,460.0,461.0
2025-03-05,461.0,467.0,461.0,467.0
2025-03-06,469.0,469.0,466.0,467.0
2025-03-07,464.0,470.0,463.0,463.0
2025-03-10,464.0,473.0,464.0,469.0
2025-03-11,469.0,479.0,469.0,474.0
2025-03-12,474.0,480.0,460.0,461.0
2025-03-13,465.0,474.0,465.0,474.0
2025-03-14,474.0,477.0,471.0,477.0
2025-03-17,477.0,483.0,477.0,481.0
2025-03-18,483.0,488.0,475.0,475.0
2025-03-19,479.0,499.0,479.0,492.0
2025-03-21,500.0,500.0,487.0,490.0
2025-03-24,498.0,498.0,491.0,493.0
2025-03-25,497.0,501.0,491.0,493.0
2025-03-26,494.0,499.0,494.0,498.0
2025-03-27,496.0,507.0,496.0,497.0
2025-03-28,496.0,496.0,486.0,488.0
2025-03-31,488.0,488.0,470.0,471.0
2025-04-01,473.0,482.0,469.0,469.0
2025-04-02,472.0,473.0,468.0,469.0
2025-04-03,461.0,465.0,452.0,461.0
2025-04-04,448.0,454.0,436.0,442.0
2025-04-07,409.0,422.0,382.0,413.0
2025-04-08,421.0,436.0,421.0,428.0
2025-04-09,427.0,435.0,420.0,427.0
2025-04-10,446.0,446.0,430.0,432.0
2025-04-11,425.0,437.0,425.0,434.0
2025-04-14,449.0,455.0,447.0,447.0
2025-04-15,454.0,454.0,443.0,451.0
2025-04-16,450.0,452.0,445.0,450.0
2025-04-17,448.0,456.0,442.0,453.0
2025-04-18,453.0,460.0,453.0,457.0
2025-04-21,456.0,456.0,446.0,446.0
2025-04-22,446.0,450.0,446.0,449.0
2025-04-23,455.0,459.0,451.0,452.0
2025-04-24,453.0,457.0,451.0,451.0
2025-04-25,452.0,457.0,450.0,457.0
2025-04-28,461.0,463.0,456.0,463.0
2025-04-30,468.0,468.0,463.0,466.0
2025-05-01,468.0,477.0,468.0,477.0
2025-05-02,477.0,481.0,472.0,481.0
2025-05-07,481.0,481.0,475.0,476.0
2025-05-08,476.0,479.0,463.0,473.0
2025-05-09,475.0,478.0,471.0,478.0
2025-05-12,478.0,480.0,470.0,478.0
2025-05-13,481.0,481.0,475.0,479.0
2025-05-14,480.0,489.0,470.0,480.0
2025-05-15,480.0,480.0,468.0,468.0
2025-05-16,472.0,483.0,464.0,464.0
2025-05-19,463.0,477.0,463.0,476.0
2025-05-20,478.0,482.0,473.0,482.0
2025-05-21,475.0,487.0,475.0,481.0
2025-05-22,482.0,482.0,477.0,477.0
2025-05-23,480.0,480.0,473.0,473.0
2025-05-26,473.0,483.0,472.0,479.0
2025-05-27,482.0,487.0,470.0,482.0
2025-05-28,481.0,484.0,480.0,481.0
2025-05-29,483.0,483.0,477.0,480.0
2025-05-30,480.0,481.0,477.0,478.0
2025-06-02,483.0,485.0,479.0,479.0
2025-06-03,483.0,483.0,480.0,481.0
2025-06-04,484.0,484.0,478.0,478.0
2025-06-05,478.0,480.0,478.0,480.0
2025-06-06,482.0,483.0,476.0,476.0
2025-06-09,477.0,479.0,476.0,478.0
2025-06-10,478.0,482.0,476.0,478.0
2025-06-11,478.0,478.0,472.0,478.0
2025-06-12,479.0,480.0,477.0,480.0
2025-06-13,482.0,482.0,475.0,475.0
2025-06-16,475.0,479.0,472.0,479.0
2025-06-17,479.0,479.0,476.0,478.0
2025-06-18,478.0,478.0,469.0,478.0
2025-06-19,478.0,478.0,471.0,477.0
2025-06-20,475.0,478.0,475.0,476.0
2025-06-23,473.0,477.0,468.0,471.0
2025-06-24,473.0,473.0,468.0,472.0
2025-06-25,472.0,476.0,471.0,474.0
2025-06-26,471.0,474.0,470.0,471.0
2025-06-27,471.0,472.0,468.0,472.0
2025-06-30,475.0,475.0,470.0,471.0
2025-07-01,469.0,472.0,468.0,472.0
2025-07-02,469.0,475.0,467.0,469.0
2025-07-03,473.0,473.0,468.0,468.0
2025-07-04,471.0,474.0,470.0,472.0
2025-07-07,474.0,480.0,466.0,474.0
2025-07-08,473.0,476.0,472.0,474.0
2025-07-09,471.0,478.0,470.0,478.0
2025-07-10,475.0,479.0,474.0,475.0
2025-07-11,478.0,478.0,475.0,476.0
2025-07-14,470.0,477.0,470.0,476.0
2025-07-15,475.0,478.0,474.0,474.0
2025-07-16,474.0,476.0,473.0,475.0
2025-07-17,477.0,477.0,473.0,475.0
2025-07-18,475.0,477.0,471.0,476.0
2025-07-22,476.0,476.0,471.0,473.0
2025-07-23,473.0,476.0,473.0,476.0
2025-07-24,475.0,477.0,474.0,477.0
2025-07-25,475.0,482.0,474.0,480.0
2025-07-28,481.0,481.0,476.0,480.0
2025-07-29,477.0,489.0,477.0,489.0
2025-07-30,490.0,490.0,484.0,488.0
2025-07-31,490.0,498.0,482.0,497.0
2025-08-01,494.0,499.0,486.0,494.0
2025-08-04,486.0,499.0,486.0,499.0
2025-08-05,497.0,499.0,493.0,496.0
2025-08-06,498.0,499.0,495.0,499.0
2025-08-07,496.0,520.0,496.0,505.0
2025-08-08,504.0,510.0,498.0,503.0
2025-08-12,502.0,502.0,492.0,496.0
2025-08-13,505.0,529.0,492.0,506.0
2025-08-14,496.0,513.0,496.0,513.0
2025-08-15,513.0,530.0,498.0,528.0
2025-08-18,530.0,531.0,523.0,531.0
2025-08-19,525.0,532.0,525.0,528.0
2025-08-20,529.0,535.0,527.0,535.0
2025-08-21,530.0,533.0,525.0,525.0
2025-08-22,527.0,530.0,517.0,517.0
2025-08-25,517.0,529.0,514.0,528.0
2025-08-26,527.0,530.0,516.0,530.0
2025-08-27,530.0,530.0,521.0,523.0
2025-08-28,524.0,529.0,521.0,529.0
2025-08-29,529.0,529.0,520.0,524.0
2025-09-01,524.0,524.0,518.0,518.0
2025-09-02,517.0,522.0,510.0,512.0
2025-09-03,518.0,518.0,511.0,513.0
2025-09-04,508.0,513.0,507.0,511.0
2025-09-05,512.0,525.0,510.0,522.0
2025-09-08,521.0,533.0,521.0,530.0
2025-09-09,535.0,539.0,528.0,539.0
2025-09-10,538.0,539.0,533.0,537.0
2025-09-11,536.0,544.0,533.0,533.0
2025-09-12,539.0,539.0,533.0,536.0
2025-09-16,539.0,542.0,536.0,542.0
2025-09-17,542.0,542.0,532.0,540.0
2025-09-18,545.0,545.0,535.0,543.0
2025-09-19,543.0,543.0,537.0,541.0
2025-09-22,540.0,541.0,537.0,537.0
2025-09-24,537.0,541.0,537.0,540.0
2025-09-25,542.0,554.0,540.0,553.0
2025-09-26,551.0,551.0,544.0,548.0
2025-09-29,551.0,551.0,542.0,550.0
2025-09-30,552.0,555.0,545.0,548.0
2025-10-01,548.0,548.0,520.0,529.0
2025-10-02,530.0,549.0,507.0,526.0
2025-10-03,528.0,528.0,521.0,521.0
2025-10-06,535.0,540.0,530.0,539.0
2025-10-07,536.0,538.0,532.0,536.0
2025-10-08,537.0,539.0,528.0,534.0
2025-10-09,532.0,535.0,530.0,531.0
2025-10-10,528.0,528.0,517.0,519.0
2025-10-14,514.0,514.0,500.0,500.0
2025-10-15,505.0,519.0,499.0,514.0
2025-10-16,514.0,523.0,512.0,522.0
2025-10-17,512.0,529.0,510.0,529.0
2025-10-20,533.0,533.0,512.0,522.0
2025-10-21,513.0,525.0,513.0,518.0
2025-10-22,519.0,520.0,519.0,520.0
2025-10-23,520.0,528.0,513.0,524.0
2025-10-24,515.0,516.0,515.0,516.0
2025-10-27,522.0,529.0,515.0,519.0
2025-10-28,518.0,518.0,517.0,518.0
2025-10-29,517.0,519.0,516.0,516.0
2025-10-30,526.0,530.0,522.0,530.0
2025-10-31,531.0,531.0,521.0,523.0
2025-11-04,528.0,528.0,507.0,507.0
2025-11-05,507.0,510.0,505.0,510.0
2025-11-06,510.0,510.0,505.0,506.0
2025-11-07,504.0,506.0,503.0,506.0
2025-11-10,507.0,513.0,503.0,506.0
2025-11-11,506.0,510.0,504.0,504.0
2025-11-12,512.0,513.0,512.0,513.0
2025-11-13,516.0,520.0,488.0,496.0
2025-11-14,495.0,504.0,495.0,500.0
2025-11-17,500.0,500.0,495.0,495.0
2025-11-18,494.0,494.0,490.0,490.0
2025-11-19,490.0,490.0,485.0,486.0
2025-11-20,499.0,499.0,489.0,491.0
2025-11-21,485.0,488.0,483.0,487.0
2025-11-25,492.0,492.0,486.0,487.0
2025-11-26,503.0,503.0,495.0,500.0
2025-11-27,504.0,504.0,495.0,498.0
2025-11-28,501.0,501.0,498.0,501.0
2025-12-01,507.0,508.0,504.0,508.0
2025-12-02,503.0,507.0,498.0,498.0
2025-12-03,498.0,502.0,495.0,495.0
2025-12-04,497.0,497.0,491.0,495.0
2025-12-05,493.0,498.0,490.0,497.0
2025-12-08,497.0,500.0,496.0,497.0
2025-12-09,505.0,508.0,500.0,505.0
2025-12-10,505.0,509.0,497.0,509.0
2025-12-11,516.0,516.0,509.0,509.0
2025-12-12,509.0,509.0,501.0,501.0
2025-12-15,500.0,523.0,500.0,516.0
2025-12-16,515.0,518.0,509.0,509.0
2025-12-17,519.0,520.0,510.0,514.0
2025-12-18,513.0,514.0,505.0,509.0
2025-12-19,513.0,528.0,509.0,526.0
2025-12-22,530.0,530.0,506.0,506.0
2025-12-23,516.0,516.0,498.0,505.0
2025-12-24,515.0,515.0,500.0,500.0
2025-12-25,500.0,505.0,500.0,503.0
2025-12-26,505.0,505.0,494.0,497.0
2025-12-29,497.0,499.0,488.0,493.0
2025-12-30,497.0,497.0,489.0,489.0
2026-01-05,494.0,502.0,493.0,502.0
2026-01-06,504.0,505.0,500.0,505.0
2026-01-07,509.0,509.0,504.0,506.0
2026-01-08,508.0,510.0,502.0,503.0
2026-01-09,505.0,514.0,502.0,503.0
2026-01-13,510.0,510.0,503.0,505.0
2026-01-14,506.0,516.0,506.0,510.0
2026-01-15,509.0,518.0,508.0,513.0
2026-01-16,513.0,525.0,513.0,518.0
2026-01-19,520.0,529.0,516.0,522.0
2026-01-20,522.0,528.0,516.0,528.0
2026-01-21,518.0,529.0,515.0,522.0
2026-01-22,527.0,530.0,515.0,520.0
2026-01-23,522.0,533.0,522.0,527.0
2026-01-26,528.0,529.0,520.0,520.0
2026-01-27,525.0,526.0,520.0,526.0
2026-01-28,527.0,527.0,517.0,519.0
2026-01-29,519.0,529.0,518.0,523.0
2026-01-30,524.0,526.0,514.0,518.0
2026-02-02,520.0,523.0,515.0,521.0
2026-02-03,524.0,525.0,517.0,524.0
2026-02-04,524.0,527.0,522.0,527.0
2026-02-05,526.0,527.0,521.0,525.0
2026-02-06,523.0,525.0,520.0,521.0
2026-02-09,526.0,534.0,525.0,530.0
2026-02-10,525.0,534.0,519.0,534.0
2026-02-12,538.0,543.0,528.0,533.0
2026-02-13,541.0,541.0,527.0,540.0
2026-02-16,543.0,640.0,529.0,570.0
2026-02-17,580.0,587.0,566.0,585.0
2026-02-18,587.0,587.0,571.0,577.0
2026-02-19,577.0,611.0,571.0,605.0
2026-02-20,602.0,613.0,590.0,608.0
2026-02-24,609.0,616.0,605.0,615.0
2026-02-25,614.0,619.0,609.0,619.0
2026-02-26,620.0,635.0,620.0,631.0
2026-02-27,631.0,688.0,631.0,676.0
2026-03-02,656.0,695.0,651.0,694.0
2026-03-03,699.0,700.0,670.0,690.0
2026-03-04,680.0,680.0,624.0,662.0
2026-03-05,665.0,707.0,665.0,700.0
2026-03-06,692.0,740.0,692.0,739.0
2026-03-09,700.0,729.0,658.0,729.0
2026-03-10,729.0,743.0,707.0,711.0
2026-03-11,719.0,742.0,719.0,736.0
2026-03-12,737.0,737.0,705.0,707.0
2026-03-13,715.0,715.0,702.0,709.0
2026-03-16,706.0,714.0,697.0,709.0
2026-03-17,712.0,721.0,670.0,695.0
2026-03-18,705.0,717.0,704.0,714.0
2026-03-19,702.0,711.0,693.0,700.0
2026-03-23,680.0,680.0,642.0,646.0
2026-03-24,660.0,666.0,645.0,658.0
2026-03-25,658.0,690.0,658.0,690.0
2026-03-26,686.0,686.0,651.0,655.0
2026-03-27,657.0,664.0,640.0,649.0
2026-03-30,609.0,630.0,609.0,627.0
2026-03-31,623.0,623.0,606.0,606.0
2026-04-01,622.0,627.0,620.0,626.0
2026-04-02,628.0,632.0,609.0,613.0
2026-04-03,614.0,624.0,613.0,614.0
2026-04-06,618.0,623.0,615.0,619.0
2026-04-07,630.0,630.0,616.0,618.0
2026-04-08,628.0,643.0,628.0,642.0
2026-04-09,642.0,648.0,632.0,632.0
2026-04-10,633.0,645.0,630.0,645.0
2026-04-13,645.0,647.0,631.0,633.0
2026-04-14,638.0,647.0,629.0,629.0
2026-04-15,635.0,643.0,625.0,626.0
2026-04-16,626.0,637.0,624.0,629.0
2026-04-17,629.0,631.0,626.0,629.0
2026-04-20,634.0,634.0,620.0,627.0
2026-04-21,637.0,645.0,634.0,640.0
2026-04-22,645.0,657.0,640.0,655.0
2026-04-23,655.0,656.0,623.0,630.0
2026-04-24,638.0,646.0,629.0,641.0
2026-04-27,647.0,647.0,627.0,628.0
2026-04-28,630.0,632.0,620.0,625.0
2026-04-30,630.0,640.0,624.0,640.0
2026-05-01,641.0,650.0,630.0,647.0
2026-05-07,653.0,695.0,650.0,695.0
2026-05-08,695.0,695.0,667.0,672.0
2026-05-11,682.0,692.0,677.0,685.0
2026-05-12,683.0,692.0,667.0,668.0
2026-05-13,665.0,680.0,665.0,666.0
2026-05-14,662.0,677.0,659.0,670.0
2026-05-15,670.0,671.0,596.0,602.0
2026-05-18,607.0,615.0,607.0,612.0
2026-05-19,618.0,619.0,608.0,610.0
2026-05-20,610.0,613.0,595.0,598.0
2026-05-21,602.0,612.0,602.0,608.0
2026-05-22,610.0,625.0,607.0,619.0
2026-05-25,631.0,712.0,630.0,712.0
2026-05-26,750.0,862.0,730.0,862.0
2026-05-27,920.0,1012.0,916.0,1012.0
2026-05-28,1102.0,1193.0,914.0,966.0
2026-05-29,949.0,964.0,816.0,816.0
2026-06-01,805.0,814.0,767.0,787.0
2026-06-02,757.0,759.0,721.0,748.0
2026-06-03,756.0,783.0,732.0,779.0
2026-06-04,779.0,779.0,742.0,753.0
2026-06-05,753.0,781.0,753.0,770.0
2026-06-08,730.0,730.0,700.0,723.0
2026-06-09,731.0,758.0,731.0,742.0
2026-06-10,744.0,750.0,720.0,731.0
2026-06-11,716.0,735.0,707.0,732.0
2026-06-12,734.0,750.0,719.0,727.0
2026-06-15,724.0,724.0,683.0,685.0
2026-06-16,689.0,709.0,676.0,700.0
2026-06-17,708.0,723.0,702.0,718.0
2026-06-18,711.0,734.0,707.0,731.0
2026-06-19,732.0,739.0,706.0,716.0
2026-06-22,727.0,758.0,723.0,732.0
2026-06-23,730.0,730.0,707.0,707.0
2026-06-24,706.0,723.0,706.0,711.0
2026-06-25,717.0,726.0,711.0,719.0
2026-06-26,719.0,720.0,702.0,712.0
2026-06-29,705.0,715.0,697.0,710.0
2026-06-30,719.0,720.0,700.0,715.0
2026-07-01,715.0,720.0,709.0,717.0
2026-07-02,719.0,720.0,704.0,715.0
2026-07-03,706.0,720.0,704.0,713.0
2026-07-06,713.0,720.0,709.0,720.0
2026-07-07,716.0,716.0,702.0,705.0
2026-07-08,702.0,706.0,675.0,675.0
2026-07-09,698.0,701.0,681.0,681.0
2026-07-10,691.0,707.0,690.0,706.0
2026-07-13,705.0,723.0,683.0,684.0
2026-07-14,681.0,698.0,680.0,698.0
2026-07-15,690.0,707.0,690.0,705.0
2026-07-16,705.0,705.0,682.0,683.0
2026-07-17,683.0,688.0,632.0,649.0
2026-07-21,656.0,666.0,652.0,666.0
2026-07-22,667.0,679.0,661.0,662.0
2026-07-23,668.0,669.0,662.0,668.0
2026-07-24,668.0,668.0,643.0,645.0
2026-07-27,647.0,660.0,641.0,660.0
2026-07-28,652.0,652.0,630.0,631.0
2026-07-29,634.0,639.0,593.0,613.0
2026-07-30,613.0,631.0,610.0,623.0
2026-07-31,630.0,655.0,627.0,643.0
2026-08-03,639.0,649.0,633.0,646.0
2026-08-04,650.0,669.0,650.0,667.0
2026-08-05,668.0,688.0,668.0,680.0
2026-08-06,680.0,689.0,680.0,687.0
2026-08-07,697.0,699.0,680.0,686.0
2026-08-10,686.0,700.0,686.0,697.0
2026-08-12,699.0,704.0,688.0,691.0
2026-08-13,693.0,709.0,629.0,647.0
2026-08-14,644.0,666.0,644.0,665.0
2026-08-17,655.0,669.0,655.0,668.0
2026-08-18,670.0,768.0,640.0,641.0
2026-08-19,642.0,653.0,630.0,652.0
2026-08-20,649.0,660.0,642.0,656.0
2026-08-21,650.0,663.0,644.0,660.0
2026-08-24,665.0,665.0,646.0,655.0
2026-08-25,655.0,675.0,651.0,675.0
2026-08-26,670.0,670.0,657.0,660.0
2026-08-27,660.0,665.0,646.0,649.0
2026-08-28,654.0,674.0,653.0,668.0
2026-08-31,664.0,673.0,657.0,671.0
2026-09-01,671.0,678.0,665.0,670.0
2026-09-02,663.0,682.0,658.0,674.0
2026-09-03,671.0,680.0,661.0,661.0
2026-09-04,662.0,667.0,661.0,662.0
2026-09-07,661.0,673.0,660.0,670.0
2026-09-08,665.0,668.0,651.0,651.0
2026-09-09,650.0,660.0,646.0,653.0
2026-09-10,652.0,657.0,650.0,656.0
2026-09-11,652.0,674.0,649.0,669.0
2026-09-14,659.0,680.0,655.0,669.0
2026-09-15,668.0,682.0,668.0,675.0
2026-09-16,666.0,684.0,661.0,674.0
2026-09-17,680.0,682.0,666.0,671.0
2026-09-18,678.0,680.0,669.0,675.0
2026-09-24,672.0,680.0,671.0,672.0
2026-09-25,673.0,680.0,670.0,679.0
2026-09-28,673.0,690.0,673.0,685.0
2026-09-29,676.0,680.0,670.0,671.0
2026-09-30,678.0,678.0,669.0,670.0
2026-10-01,669.0,673.0,669.0,673.0
2026-10-02,673.0,675.0,664.0,664.0
2026-10-05,661.0,667.0,660.0,661.0
2026-10-06,660.0,665.0,660.0,665.0
2026-10-07,662.0,667.0,662.0,662.0
2026-10-08,660.0,661.0,650.0,650.0
2026-10-09,640.0,660.0,640.0,650.0
